-469.0
-620.5
-770.5
-948.0
0.0
0.0
0.0
0.0
168.5
229.875
294.0
374.75
0.0
0.0
0.0
0.0
40.59375
53.875
67.1875
83.0625
0.0
0.0
0.0
0.0
-469.0
-620.5
-776.5
-948.0
0.0
0.0
0.0
0.0
168.5
229.875
296.75
374.75
0.0
0.0
0.0
0.0
40.59375
53.875
67.6875
83.0625
0.0
0.0
0.0
0.0
-469.0
-620.5
-764.5
-948.0
0.0
0.0
0.0
0.0
168.5
229.875
291.5
374.75
0.0
0.0
0.0
0.0
40.59375
53.875
66.625
83.0625
0.0
0.0
0.0
0.0
-469.0
-620.5
-758.5
-948.0
0.0
0.0
0.0
0.0
168.5
229.875
288.75
374.75
0.0
0.0
0.0
0.0
40.59375
53.875
66.125
83.0625
0.0
0.0
0.0
0.0
-469.0
-620.5
-770.5
-954.0
0.0
0.0
0.0
0.0
168.5
229.875
294.0
377.75
0.0
0.0
0.0
0.0
40.59375
53.875
67.1875
83.5625
0.0
0.0
0.0
0.0
-469.0
-620.5
-776.5
-954.0
0.0
0.0
0.0
0.0
168.5
229.875
296.75
377.75
0.0
0.0
0.0
0.0
40.59375
53.875
67.6875
83.5625
0.0
0.0
0.0
0.0
-469.0
-620.5
-764.5
-954.0
0.0
0.0
0.0
0.0
168.5
229.875
291.5
377.75
0.0
0.0
0.0
0.0
40.59375
53.875
66.625
83.5625
0.0
0.0
0.0
0.0
-469.0
-620.5
-758.5
-954.0
0.0
0.0
0.0
0.0
168.5
229.875
288.75
377.75
0.0
0.0
0.0
0.0
40.59375
53.875
66.125
83.5625
0.0
0.0
0.0
0.0
-469.0
-620.5
-770.5
-948.0
0.0
0.0
0.0
0.0
168.5
229.875
294.0
374.75
0.0
0.0
0.0
0.0
40.59375
53.875
67.1875
83.0625
0.0
0.0
0.0
0.0
-469.0
-620.5
-776.5
-948.0
0.0
0.0
0.0
0.0
168.5
229.875
296.75
374.75
0.0
0.0
0.0
0.0
40.59375
53.875
67.6875
83.0625
0.0
0.0
0.0
0.0
-469.0
-620.5
-764.5
-948.0
0.0
0.0
0.0
0.0
168.5
229.875
291.5
374.75
0.0
0.0
0.0
0.0
40.59375
53.875
66.625
83.0625
0.0
0.0
0.0
0.0
-469.0
-620.5
-758.5
-948.0
0.0
0.0
0.0
0.0
168.5
229.875
288.75
374.75
0.0
0.0
0.0
0.0
40.59375
53.875
66.125
83.0625
0.0
0.0
0.0
0.0
-469.0
-620.5
-770.5
-954.0
0.0
0.0
0.0
0.0
168.5
229.875
294.0
377.75
0.0
0.0
0.0
0.0
40.59375
53.875
67.1875
83.5625
0.0
0.0
0.0
0.0
-469.0
-620.5
-776.5
-954.0
0.0
0.0
0.0
0.0
168.5
229.875
296.75
377.75
0.0
0.0
0.0
0.0
40.59375
53.875
67.6875
83.5625
0.0
0.0
0.0
0.0
-469.0
-620.5
-764.5
-954.0
0.0
0.0
0.0
0.0
168.5
229.875
291.5
377.75
0.0
0.0
0.0
0.0
40.59375
53.875
66.625
83.5625
0.0
0.0
0.0
0.0
-469.0
-620.5
-758.5
-954.0
0.0
0.0
0.0
0.0
168.5
229.875
288.75
377.75
0.0
0.0
0.0
0.0
40.59375
53.875
66.125
83.5625
0.0
0.0
0.0
0.0
-29.109375
-43.40625
-58.125
-78.0
-99.0625
-118.6875
-138.0
0.0
168.375
256.75
352.5
491.0
652.0
820.5
1011.0
0.0
129.875
198.0
271.75
378.0
501.5
630.0
775.5
0.0
-29.109375
-43.40625
-58.125
-78.0
-99.0625
-118.6875
-137.375
0.0
168.375
256.75
352.5
491.0
652.0
820.5
1004.5
0.0
129.875
198.0
271.75
378.0
501.5
630.0
770.5
0.0
-29.109375
-43.40625
-58.125
-78.0
-99.0625
-117.9375
-138.0
0.0
168.375
256.75
352.5
491.0
652.0
813.5
1011.0
0.0
129.875
198.0
271.75
378.0
501.5
625.0
775.5
0.0
-29.109375
-43.40625
-58.125
-78.0
-99.0625
-117.9375
-137.375
0.0
168.375
256.75
352.5
491.0
652.0
813.5
1004.5
0.0
129.875
198.0
271.75
378.0
501.5
625.0
770.5
0.0
228.25
311.0
429.75
564.5
704.0
865.0
0.0
0.0
128.25
177.5
251.25
339.25
434.75
552.0
0.0
0.0
-161.75
-221.25
-307.5
-407.0
-511.5
-634.5
0.0
0.0
228.25
311.0
435.0
564.5
704.0
865.0
0.0
0.0
128.25
177.5
254.625
339.25
434.75
552.0
0.0
0.0
-161.75
-221.25
-311.5
-407.0
-511.5
-634.5
0.0
0.0
228.25
311.0
429.75
564.5
704.0
859.5
0.0
0.0
128.25
177.5
251.25
339.25
434.75
548.0
0.0
0.0
-161.75
-221.25
-307.5
-407.0
-511.5
-630.5
0.0
0.0
228.25
311.0
435.0
564.5
704.0
859.5
0.0
0.0
128.25
177.5
254.625
339.25
434.75
548.0
0.0
0.0
-161.75
-221.25
-311.5
-407.0
-511.5
-630.5
0.0
0.0
228.25
311.0
429.75
564.5
698.5
865.0
0.0
0.0
128.25
177.5
251.25
339.25
431.0
552.0
0.0
0.0
-161.75
-221.25
-307.5
-407.0
-507.25
-634.5
0.0
0.0
228.25
311.0
435.0
564.5
698.5
865.0
0.0
0.0
128.25
177.5
254.625
339.25
431.0
552.0
0.0
0.0
-161.75
-221.25
-311.5
-407.0
-507.25
-634.5
0.0
0.0
228.25
311.0
429.75
564.5
698.5
859.5
0.0
0.0
128.25
177.5
251.25
339.25
431.0
548.0
0.0
0.0
-161.75
-221.25
-307.5
-407.0
-507.25
-630.5
0.0
0.0
228.25
311.0
435.0
564.5
698.5
859.5
0.0
0.0
128.25
177.5
254.625
339.25
431.0
548.0
0.0
0.0
-161.75
-221.25
-311.5
-407.0
-507.25
-630.5
0.0
0.0
148.625
228.25
311.0
435.0
564.5
698.5
865.0
0.0
82.125
128.25
177.5
254.625
339.25
431.0
552.0
0.0
-104.875
-161.75
-221.25
-311.5
-407.0
-507.25
-634.5
0.0
148.625
228.25
311.0
435.0
564.5
698.5
859.5
0.0
82.125
128.25
177.5
254.625
339.25
431.0
548.0
0.0
-104.875
-161.75
-221.25
-311.5
-407.0
-507.25
-630.5
0.0
148.625
228.25
311.0
435.0
564.5
704.0
865.0
0.0
82.125
128.25
177.5
254.625
339.25
434.75
552.0
0.0
-104.875
-161.75
-221.25
-311.5
-407.0
-511.5
-634.5
0.0
148.625
228.25
311.0
435.0
564.5
704.0
859.5
0.0
82.125
128.25
177.5
254.625
339.25
434.75
548.0
0.0
-104.875
-161.75
-221.25
-311.5
-407.0
-511.5
-630.5
0.0
148.625
228.25
311.0
429.75
564.5
698.5
865.0
0.0
82.125
128.25
177.5
251.25
339.25
431.0
552.0
0.0
-104.875
-161.75
-221.25
-307.5
-407.0
-507.25
-634.5
0.0
148.625
228.25
311.0
429.75
564.5
698.5
859.5
0.0
82.125
128.25
177.5
251.25
339.25
431.0
548.0
0.0
-104.875
-161.75
-221.25
-307.5
-407.0
-507.25
-630.5
0.0
148.625
228.25
311.0
429.75
564.5
704.0
865.0
0.0
82.125
128.25
177.5
251.25
339.25
434.75
552.0
0.0
-104.875
-161.75
-221.25
-307.5
-407.0
-511.5
-634.5
0.0
148.625
228.25
311.0
429.75
564.5
704.0
859.5
0.0
82.125
128.25
177.5
251.25
339.25
434.75
548.0
0.0
-104.875
-161.75
-221.25
-307.5
-407.0
-511.5
-630.5
0.0
249.5
349.75
478.0
630.5
778.5
972.5
0.0
0.0
67.0
96.75
137.125
188.875
242.625
319.25
0.0
0.0
102.9375
144.625
198.25
262.5
325.0
408.25
0.0
0.0
249.5
349.75
483.75
630.5
778.5
972.5
0.0
0.0
67.0
96.75
139.0
188.875
242.625
319.25
0.0
0.0
102.9375
144.625
200.625
262.5
325.0
408.25
0.0
0.0
249.5
349.75
478.0
630.5
778.5
966.5
0.0
0.0
67.0
96.75
137.125
188.875
242.625
316.75
0.0
0.0
102.9375
144.625
198.25
262.5
325.0
405.75
0.0
0.0
249.5
349.75
483.75
630.5
778.5
966.5
0.0
0.0
67.0
96.75
139.0
188.875
242.625
316.75
0.0
0.0
102.9375
144.625
200.625
262.5
325.0
405.75
0.0
0.0
249.5
349.75
478.0
630.5
784.5
972.5
0.0
0.0
67.0
96.75
137.125
188.875
245.0
319.25
0.0
0.0
102.9375
144.625
198.25
262.5
327.75
408.25
0.0
0.0
249.5
349.75
483.75
630.5
784.5
972.5
0.0
0.0
67.0
96.75
139.0
188.875
245.0
319.25
0.0
0.0
102.9375
144.625
200.625
262.5
327.75
408.25
0.0
0.0
249.5
349.75
478.0
630.5
784.5
966.5
0.0
0.0
67.0
96.75
137.125
188.875
245.0
316.75
0.0
0.0
102.9375
144.625
198.25
262.5
327.75
405.75
0.0
0.0
249.5
349.75
483.75
630.5
784.5
966.5
0.0
0.0
67.0
96.75
139.0
188.875
245.0
316.75
0.0
0.0
102.9375
144.625
200.625
262.5
327.75
405.75
0.0
0.0
164.375
249.5
349.75
483.75
630.5
778.5
972.5
0.0
43.03125
67.0
96.75
139.0
188.875
242.625
319.25
0.0
67.6875
102.9375
144.625
200.625
262.5
325.0
408.25
0.0
164.375
249.5
349.75
483.75
630.5
778.5
966.5
0.0
43.03125
67.0
96.75
139.0
188.875
242.625
316.75
0.0
67.6875
102.9375
144.625
200.625
262.5
325.0
405.75
0.0
164.375
249.5
349.75
483.75
630.5
784.5
972.5
0.0
43.03125
67.0
96.75
139.0
188.875
245.0
319.25
0.0
67.6875
102.9375
144.625
200.625
262.5
327.75
408.25
0.0
164.375
249.5
349.75
483.75
630.5
784.5
966.5
0.0
43.03125
67.0
96.75
139.0
188.875
245.0
316.75
0.0
67.6875
102.9375
144.625
200.625
262.5
327.75
405.75
0.0
164.375
249.5
349.75
478.0
630.5
778.5
972.5
0.0
43.03125
67.0
96.75
137.125
188.875
242.625
319.25
0.0
67.6875
102.9375
144.625
198.25
262.5
325.0
408.25
0.0
164.375
249.5
349.75
478.0
630.5
778.5
966.5
0.0
43.03125
67.0
96.75
137.125
188.875
242.625
316.75
0.0
67.6875
102.9375
144.625
198.25
262.5
325.0
405.75
0.0
164.375
249.5
349.75
478.0
630.5
784.5
972.5
0.0
43.03125
67.0
96.75
137.125
188.875
245.0
319.25
0.0
67.6875
102.9375
144.625
198.25
262.5
327.75
408.25
0.0
164.375
249.5
349.75
478.0
630.5
784.5
966.5
0.0
43.03125
67.0
96.75
137.125
188.875
245.0
316.75
0.0
67.6875
102.9375
144.625
198.25
262.5
327.75
405.75
0.0
249.5
349.75
478.0
630.5
778.5
0.0
0.0
0.0
67.0
96.75
137.125
188.875
242.625
0.0
0.0
0.0
102.9375
144.625
198.25
262.5
325.0
0.0
0.0
0.0
249.5
349.75
483.75
630.5
778.5
0.0
0.0
0.0
67.0
96.75
139.0
188.875
242.625
0.0
0.0
0.0
102.9375
144.625
200.625
262.5
325.0
0.0
0.0
0.0
249.5
349.75
478.0
630.5
784.5
0.0
0.0
0.0
67.0
96.75
137.125
188.875
245.0
0.0
0.0
0.0
102.9375
144.625
198.25
262.5
327.75
0.0
0.0
0.0
249.5
349.75
483.75
630.5
784.5
0.0
0.0
0.0
67.0
96.75
139.0
188.875
245.0
0.0
0.0
0.0
102.9375
144.625
200.625
262.5
327.75
0.0
0.0
0.0
220.5
306.5
424.0
558.5
681.5
0.0
0.0
0.0
133.375
187.625
264.0
354.0
440.0
0.0
0.0
0.0
60.25
84.0625
116.8125
154.625
189.75
0.0
0.0
0.0
220.5
306.5
424.0
558.5
697.5
0.0
0.0
0.0
133.375
187.625
264.0
354.0
451.25
0.0
0.0
0.0
60.25
84.0625
116.8125
154.625
194.375
0.0
0.0
0.0
220.5
306.5
424.0
558.5
687.0
0.0
0.0
0.0
133.375
187.625
264.0
354.0
443.75
0.0
0.0
0.0
60.25
84.0625
116.8125
154.625
191.375
0.0
0.0
0.0
220.5
306.5
424.0
558.5
692.0
0.0
0.0
0.0
133.375
187.625
264.0
354.0
447.25
0.0
0.0
0.0
60.25
84.0625
116.8125
154.625
192.75
0.0
0.0
0.0
225.5
306.5
424.0
558.5
681.5
0.0
0.0
0.0
136.5
187.625
264.0
354.0
440.0
0.0
0.0
0.0
61.65625
84.0625
116.8125
154.625
189.75
0.0
0.0
0.0
225.5
306.5
424.0
558.5
697.5
0.0
0.0
0.0
136.5
187.625
264.0
354.0
451.25
0.0
0.0
0.0
61.65625
84.0625
116.8125
154.625
194.375
0.0
0.0
0.0
225.5
306.5
424.0
558.5
687.0
0.0
0.0
0.0
136.5
187.625
264.0
354.0
443.75
0.0
0.0
0.0
61.65625
84.0625
116.8125
154.625
191.375
0.0
0.0
0.0
225.5
306.5
424.0
558.5
692.0
0.0
0.0
0.0
136.5
187.625
264.0
354.0
447.25
0.0
0.0
0.0
61.65625
84.0625
116.8125
154.625
192.75
0.0
0.0
0.0
146.5
220.5
306.5
424.0
558.5
697.5
858.5
0.0
87.6875
133.375
187.625
264.0
354.0
451.25
568.5
0.0
39.9375
60.25
84.0625
116.8125
154.625
194.375
240.875
0.0
146.5
220.5
306.5
424.0
558.5
697.5
843.5
0.0
87.6875
133.375
187.625
264.0
354.0
451.25
557.0
0.0
39.9375
60.25
84.0625
116.8125
154.625
194.375
236.5
0.0
146.5
220.5
306.5
424.0
558.5
697.5
853.0
0.0
87.6875
133.375
187.625
264.0
354.0
451.25
564.0
0.0
39.9375
60.25
84.0625
116.8125
154.625
194.375
239.25
0.0
146.5
220.5
306.5
424.0
558.5
697.5
849.0
0.0
87.6875
133.375
187.625
264.0
354.0
451.25
561.0
0.0
39.9375
60.25
84.0625
116.8125
154.625
194.375
238.125
0.0
146.5
225.5
306.5
424.0
558.5
697.5
858.5
0.0
87.6875
136.5
187.625
264.0
354.0
451.25
568.5
0.0
39.9375
61.65625
84.0625
116.8125
154.625
194.375
240.875
0.0
146.5
225.5
306.5
424.0
558.5
697.5
843.5
0.0
87.6875
136.5
187.625
264.0
354.0
451.25
557.0
0.0
39.9375
61.65625
84.0625
116.8125
154.625
194.375
236.5
0.0
146.5
225.5
306.5
424.0
558.5
697.5
853.0
0.0
87.6875
136.5
187.625
264.0
354.0
451.25
564.0
0.0
39.9375
61.65625
84.0625
116.8125
154.625
194.375
239.25
0.0
146.5
225.5
306.5
424.0
558.5
697.5
849.0
0.0
87.6875
136.5
187.625
264.0
354.0
451.25
561.0
0.0
39.9375
61.65625
84.0625
116.8125
154.625
194.375
238.125
0.0
146.5
220.5
306.5
424.0
558.5
692.0
858.5
0.0
87.6875
133.375
187.625
264.0
354.0
447.25
568.5
0.0
39.9375
60.25
84.0625
116.8125
154.625
192.75
240.875
0.0
146.5
220.5
306.5
424.0
558.5
692.0
843.5
0.0
87.6875
133.375
187.625
264.0
354.0
447.25
557.0
0.0
39.9375
60.25
84.0625
116.8125
154.625
192.75
236.5
0.0
146.5
220.5
306.5
424.0
558.5
692.0
853.0
0.0
87.6875
133.375
187.625
264.0
354.0
447.25
564.0
0.0
39.9375
60.25
84.0625
116.8125
154.625
192.75
239.25
0.0
146.5
220.5
306.5
424.0
558.5
692.0
849.0
0.0
87.6875
133.375
187.625
264.0
354.0
447.25
561.0
0.0
39.9375
60.25
84.0625
116.8125
154.625
192.75
238.125
0.0
146.5
225.5
306.5
424.0
558.5
692.0
858.5
0.0
87.6875
136.5
187.625
264.0
354.0
447.25
568.5
0.0
39.9375
61.65625
84.0625
116.8125
154.625
192.75
240.875
0.0
146.5
225.5
306.5
424.0
558.5
692.0
843.5
0.0
87.6875
136.5
187.625
264.0
354.0
447.25
557.0
0.0
39.9375
61.65625
84.0625
116.8125
154.625
192.75
236.5
0.0
146.5
225.5
306.5
424.0
558.5
692.0
853.0
0.0
87.6875
136.5
187.625
264.0
354.0
447.25
564.0
0.0
39.9375
61.65625
84.0625
116.8125
154.625
192.75
239.25
0.0
146.5
225.5
306.5
424.0
558.5
692.0
849.0
0.0
87.6875
136.5
187.625
264.0
354.0
447.25
561.0
0.0
39.9375
61.65625
84.0625
116.8125
154.625
192.75
238.125
0.0
146.5
220.5
306.5
424.0
558.5
687.0
858.5
0.0
87.6875
133.375
187.625
264.0
354.0
443.75
568.5
0.0
39.9375
60.25
84.0625
116.8125
154.625
191.375
240.875
0.0
146.5
220.5
306.5
424.0
558.5
687.0
843.5
0.0
87.6875
133.375
187.625
264.0
354.0
443.75
557.0
0.0
39.9375
60.25
84.0625
116.8125
154.625
191.375
236.5
0.0
146.5
220.5
306.5
424.0
558.5
687.0
853.0
0.0
87.6875
133.375
187.625
264.0
354.0
443.75
564.0
0.0
39.9375
60.25
84.0625
116.8125
154.625
191.375
239.25
0.0
146.5
220.5
306.5
424.0
558.5
687.0
849.0
0.0
87.6875
133.375
187.625
264.0
354.0
443.75
561.0
0.0
39.9375
60.25
84.0625
116.8125
154.625
191.375
238.125
0.0
146.5
225.5
306.5
424.0
558.5
687.0
858.5
0.0
87.6875
136.5
187.625
264.0
354.0
443.75
568.5
0.0
39.9375
61.65625
84.0625
116.8125
154.625
191.375
240.875
0.0
146.5
225.5
306.5
424.0
558.5
687.0
843.5
0.0
87.6875
136.5
187.625
264.0
354.0
443.75
557.0
0.0
39.9375
61.65625
84.0625
116.8125
154.625
191.375
236.5
0.0
146.5
225.5
306.5
424.0
558.5
687.0
853.0
0.0
87.6875
136.5
187.625
264.0
354.0
443.75
564.0
0.0
39.9375
61.65625
84.0625
116.8125
154.625
191.375
239.25
0.0
146.5
225.5
306.5
424.0
558.5
687.0
849.0
0.0
87.6875
136.5
187.625
264.0
354.0
443.75
561.0
0.0
39.9375
61.65625
84.0625
116.8125
154.625
191.375
238.125
0.0
146.5
220.5
306.5
424.0
558.5
681.5
858.5
0.0
87.6875
133.375
187.625
264.0
354.0
440.0
568.5
0.0
39.9375
60.25
84.0625
116.8125
154.625
189.75
240.875
0.0
146.5
220.5
306.5
424.0
558.5
681.5
843.5
0.0
87.6875
133.375
187.625
264.0
354.0
440.0
557.0
0.0
39.9375
60.25
84.0625
116.8125
154.625
189.75
236.5
0.0
146.5
220.5
306.5
424.0
558.5
681.5
853.0
0.0
87.6875
133.375
187.625
264.0
354.0
440.0
564.0
0.0
39.9375
60.25
84.0625
116.8125
154.625
189.75
239.25
0.0
146.5
220.5
306.5
424.0
558.5
681.5
849.0
0.0
87.6875
133.375
187.625
264.0
354.0
440.0
561.0
0.0
39.9375
60.25
84.0625
116.8125
154.625
189.75
238.125
0.0
146.5
225.5
306.5
424.0
558.5
681.5
858.5
0.0
87.6875
136.5
187.625
264.0
354.0
440.0
568.5
0.0
39.9375
61.65625
84.0625
116.8125
154.625
189.75
240.875
0.0
146.5
225.5
306.5
424.0
558.5
681.5
843.5
0.0
87.6875
136.5
187.625
264.0
354.0
440.0
557.0
0.0
39.9375
61.65625
84.0625
116.8125
154.625
189.75
236.5
0.0
146.5
225.5
306.5
424.0
558.5
681.5
853.0
0.0
87.6875
136.5
187.625
264.0
354.0
440.0
564.0
0.0
39.9375
61.65625
84.0625
116.8125
154.625
189.75
239.25
0.0
146.5
225.5
306.5
424.0
558.5
681.5
849.0
0.0
87.6875
136.5
187.625
264.0
354.0
440.0
561.0
0.0
39.9375
61.65625
84.0625
116.8125
154.625
189.75
238.125
0.0
250.5
350.5
485.25
639.5
802.5
0.0
0.0
0.0
60.5625
86.4375
122.9375
167.0
216.25
0.0
0.0
0.0
7.67578125
10.75
14.8984375
19.671875
24.75
0.0
0.0
0.0
250.5
350.5
485.25
639.5
796.0
0.0
0.0
0.0
60.5625
86.4375
122.9375
167.0
214.125
0.0
0.0
0.0
7.67578125
10.75
14.8984375
19.671875
24.546875
0.0
0.0
0.0
250.5
350.5
485.25
639.5
783.5
0.0
0.0
0.0
60.5625
86.4375
122.9375
167.0
210.25
0.0
0.0
0.0
7.67578125
10.75
14.8984375
19.671875
24.15625
0.0
0.0
0.0
250.5
350.5
485.25
639.5
790.0
0.0
0.0
0.0
60.5625
86.4375
122.9375
167.0
212.25
0.0
0.0
0.0
7.67578125
10.75
14.8984375
19.671875
24.359375
0.0
0.0
0.0
256.75
350.5
485.25
639.5
802.5
0.0
0.0
0.0
62.125
86.4375
122.9375
167.0
216.25
0.0
0.0
0.0
7.86328125
10.75
14.8984375
19.671875
24.75
0.0
0.0
0.0
256.75
350.5
485.25
639.5
796.0
0.0
0.0
0.0
62.125
86.4375
122.9375
167.0
214.125
0.0
0.0
0.0
7.86328125
10.75
14.8984375
19.671875
24.546875
0.0
0.0
0.0
256.75
350.5
485.25
639.5
783.5
0.0
0.0
0.0
62.125
86.4375
122.9375
167.0
210.25
0.0
0.0
0.0
7.86328125
10.75
14.8984375
19.671875
24.15625
0.0
0.0
0.0
256.75
350.5
485.25
639.5
790.0
0.0
0.0
0.0
62.125
86.4375
122.9375
167.0
212.25
0.0
0.0
0.0
7.86328125
10.75
14.8984375
19.671875
24.359375
0.0
0.0
0.0
165.75
250.5
350.5
485.25
639.5
790.0
985.5
0.0
39.375
60.5625
86.4375
122.9375
167.0
212.25
274.5
0.0
5.0703125
7.67578125
10.75
14.8984375
19.671875
24.359375
30.46875
0.0
165.75
250.5
350.5
485.25
639.5
790.0
992.0
0.0
39.375
60.5625
86.4375
122.9375
167.0
212.25
276.75
0.0
5.0703125
7.67578125
10.75
14.8984375
19.671875
24.359375
30.671875
0.0
165.75
250.5
350.5
485.25
639.5
790.0
974.0
0.0
39.375
60.5625
86.4375
122.9375
167.0
212.25
270.75
0.0
5.0703125
7.67578125
10.75
14.8984375
19.671875
24.359375
30.109375
0.0
165.75
250.5
350.5
485.25
639.5
790.0
980.5
0.0
39.375
60.5625
86.4375
122.9375
167.0
212.25
273.0
0.0
5.0703125
7.67578125
10.75
14.8984375
19.671875
24.359375
30.3125
0.0
165.75
256.75
350.5
485.25
639.5
790.0
985.5
0.0
39.375
62.125
86.4375
122.9375
167.0
212.25
274.5
0.0
5.0703125
7.86328125
10.75
14.8984375
19.671875
24.359375
30.46875
0.0
165.75
256.75
350.5
485.25
639.5
790.0
992.0
0.0
39.375
62.125
86.4375
122.9375
167.0
212.25
276.75
0.0
5.0703125
7.86328125
10.75
14.8984375
19.671875
24.359375
30.671875
0.0
165.75
256.75
350.5
485.25
639.5
790.0
974.0
0.0
39.375
62.125
86.4375
122.9375
167.0
212.25
270.75
0.0
5.0703125
7.86328125
10.75
14.8984375
19.671875
24.359375
30.109375
0.0
165.75
256.75
350.5
485.25
639.5
790.0
980.5
0.0
39.375
62.125
86.4375
122.9375
167.0
212.25
273.0
0.0
5.0703125
7.86328125
10.75
14.8984375
19.671875
24.359375
30.3125
0.0
165.75
250.5
350.5
485.25
639.5
783.5
985.5
0.0
39.375
60.5625
86.4375
122.9375
167.0
210.25
274.5
0.0
5.0703125
7.67578125
10.75
14.8984375
19.671875
24.15625
30.46875
0.0
165.75
250.5
350.5
485.25
639.5
783.5
992.0
0.0
39.375
60.5625
86.4375
122.9375
167.0
210.25
276.75
0.0
5.0703125
7.67578125
10.75
14.8984375
19.671875
24.15625
30.671875
0.0
165.75
250.5
350.5
485.25
639.5
783.5
974.0
0.0
39.375
60.5625
86.4375
122.9375
167.0
210.25
270.75
0.0
5.0703125
7.67578125
10.75
14.8984375
19.671875
24.15625
30.109375
0.0
165.75
250.5
350.5
485.25
639.5
783.5
980.5
0.0
39.375
60.5625
86.4375
122.9375
167.0
210.25
273.0
0.0
5.0703125
7.67578125
10.75
14.8984375
19.671875
24.15625
30.3125
0.0
165.75
256.75
350.5
485.25
639.5
783.5
985.5
0.0
39.375
62.125
86.4375
122.9375
167.0
210.25
274.5
0.0
5.0703125
7.86328125
10.75
14.8984375
19.671875
24.15625
30.46875
0.0
165.75
256.75
350.5
485.25
639.5
783.5
992.0
0.0
39.375
62.125
86.4375
122.9375
167.0
210.25
276.75
0.0
5.0703125
7.86328125
10.75
14.8984375
19.671875
24.15625
30.671875
0.0
165.75
256.75
350.5
485.25
639.5
783.5
974.0
0.0
39.375
62.125
86.4375
122.9375
167.0
210.25
270.75
0.0
5.0703125
7.86328125
10.75
14.8984375
19.671875
24.15625
30.109375
0.0
165.75
256.75
350.5
485.25
639.5
783.5
980.5
0.0
39.375
62.125
86.4375
122.9375
167.0
210.25
273.0
0.0
5.0703125
7.86328125
10.75
14.8984375
19.671875
24.15625
30.3125
0.0
165.75
250.5
350.5
485.25
639.5
796.0
985.5
0.0
39.375
60.5625
86.4375
122.9375
167.0
214.125
274.5
0.0
5.0703125
7.67578125
10.75
14.8984375
19.671875
24.546875
30.46875
0.0
165.75
250.5
350.5
485.25
639.5
796.0
992.0
0.0
39.375
60.5625
86.4375
122.9375
167.0
214.125
276.75
0.0
5.0703125
7.67578125
10.75
14.8984375
19.671875
24.546875
30.671875
0.0
165.75
250.5
350.5
485.25
639.5
796.0
974.0
0.0
39.375
60.5625
86.4375
122.9375
167.0
214.125
270.75
0.0
5.0703125
7.67578125
10.75
14.8984375
19.671875
24.546875
30.109375
0.0
165.75
250.5
350.5
485.25
639.5
796.0
980.5
0.0
39.375
60.5625
86.4375
122.9375
167.0
214.125
273.0
0.0
5.0703125
7.67578125
10.75
14.8984375
19.671875
24.546875
30.3125
0.0
165.75
256.75
350.5
485.25
639.5
796.0
985.5
0.0
39.375
62.125
86.4375
122.9375
167.0
214.125
274.5
0.0
5.0703125
7.86328125
10.75
14.8984375
19.671875
24.546875
30.46875
0.0
165.75
256.75
350.5
485.25
639.5
796.0
992.0
0.0
39.375
62.125
86.4375
122.9375
167.0
214.125
276.75
0.0
5.0703125
7.86328125
10.75
14.8984375
19.671875
24.546875
30.671875
0.0
165.75
256.75
350.5
485.25
639.5
796.0
974.0
0.0
39.375
62.125
86.4375
122.9375
167.0
214.125
270.75
0.0
5.0703125
7.86328125
10.75
14.8984375
19.671875
24.546875
30.109375
0.0
165.75
256.75
350.5
485.25
639.5
796.0
980.5
0.0
39.375
62.125
86.4375
122.9375
167.0
214.125
273.0
0.0
5.0703125
7.86328125
10.75
14.8984375
19.671875
24.546875
30.3125
0.0
165.75
250.5
350.5
485.25
639.5
802.5
985.5
0.0
39.375
60.5625
86.4375
122.9375
167.0
216.25
274.5
0.0
5.0703125
7.67578125
10.75
14.8984375
19.671875
24.75
30.46875
0.0
165.75
250.5
350.5
485.25
639.5
802.5
992.0
0.0
39.375
60.5625
86.4375
122.9375
167.0
216.25
276.75
0.0
5.0703125
7.67578125
10.75
14.8984375
19.671875
24.75
30.671875
0.0
165.75
250.5
350.5
485.25
639.5
802.5
974.0
0.0
39.375
60.5625
86.4375
122.9375
167.0
216.25
270.75
0.0
5.0703125
7.67578125
10.75
14.8984375
19.671875
24.75
30.109375
0.0
165.75
250.5
350.5
485.25
639.5
802.5
980.5
0.0
39.375
60.5625
86.4375
122.9375
167.0
216.25
273.0
0.0
5.0703125
7.67578125
10.75
14.8984375
19.671875
24.75
30.3125
0.0
165.75
256.75
350.5
485.25
639.5
802.5
985.5
0.0
39.375
62.125
86.4375
122.9375
167.0
216.25
274.5
0.0
5.0703125
7.86328125
10.75
14.8984375
19.671875
24.75
30.46875
0.0
165.75
256.75
350.5
485.25
639.5
802.5
992.0
0.0
39.375
62.125
86.4375
122.9375
167.0
216.25
276.75
0.0
5.0703125
7.86328125
10.75
14.8984375
19.671875
24.75
30.671875
0.0
165.75
256.75
350.5
485.25
639.5
802.5
974.0
0.0
39.375
62.125
86.4375
122.9375
167.0
216.25
270.75
0.0
5.0703125
7.86328125
10.75
14.8984375
19.671875
24.75
30.109375
0.0
165.75
256.75
350.5
485.25
639.5
802.5
980.5
0.0
39.375
62.125
86.4375
122.9375
167.0
216.25
273.0
0.0
5.0703125
7.86328125
10.75
14.8984375
19.671875
24.75
30.3125
0.0
152.25
233.375
321.5
447.5
589.5
731.0
898.5
0.0
-74.875
-115.625
-160.5
-225.875
-301.25
-378.25
-471.75
0.0
58.65625
90.0
124.1875
173.25
228.875
284.5
350.75
0.0
152.25
233.375
321.5
447.5
589.5
731.0
904.5
0.0
-74.875
-115.625
-160.5
-225.875
-301.25
-378.25
-475.0
0.0
58.65625
90.0
124.1875
173.25
228.875
284.5
353.0
0.0
152.25
233.375
321.5
447.5
589.5
737.0
898.5
0.0
-74.875
-115.625
-160.5
-225.875
-301.25
-381.5
-471.75
0.0
58.65625
90.0
124.1875
173.25
228.875
287.0
350.75
0.0
152.25
233.375
321.5
447.5
589.5
737.0
904.5
0.0
-74.875
-115.625
-160.5
-225.875
-301.25
-381.5
-475.0
0.0
58.65625
90.0
124.1875
173.25
228.875
287.0
353.0
0.0
152.25
233.375
321.5
447.5
589.5
726.0
898.5
0.0
-74.875
-115.625
-160.5
-225.875
-301.25
-375.5
-471.75
0.0
58.65625
90.0
124.1875
173.25
228.875
282.5
350.75
0.0
152.25
233.375
321.5
447.5
589.5
726.0
904.5
0.0
-74.875
-115.625
-160.5
-225.875
-301.25
-375.5
-475.0
0.0
58.65625
90.0
124.1875
173.25
228.875
282.5
353.0
0.0
-77.625
-104.4375
-137.125
-170.75
-198.5
-227.0
0.0
0.0
-248.625
-347.5
-481.25
-639.5
-795.0
-1000.0
0.0
0.0
-266.75
-371.5
-512.5
-678.0
-840.0
-1051.0
0.0
0.0
-77.625
-104.4375
-137.125
-170.75
-198.5
-226.125
0.0
0.0
-248.625
-347.5
-481.25
-639.5
-795.0
-993.0
0.0
0.0
-266.75
-371.5
-512.5
-678.0
-840.0
-1044.0
0.0
0.0
-77.625
-104.4375
-137.125
-170.75
-197.375
-227.0
0.0
0.0
-248.625
-347.5
-481.25
-639.5
-788.5
-1000.0
0.0
0.0
-266.75
-371.5
-512.5
-678.0
-833.0
-1051.0
0.0
0.0
-77.625
-104.4375
-137.125
-170.75
-197.375
-226.125
0.0
0.0
-248.625
-347.5
-481.25
-639.5
-788.5
-993.0
0.0
0.0
-266.75
-371.5
-512.5
-678.0
-833.0
-1044.0
0.0
0.0
-52.4375
-77.625
-104.4375
-137.125
-170.75
-198.5
-227.0
0.0
-162.625
-248.625
-347.5
-481.25
-639.5
-795.0
-1000.0
0.0
-174.875
-266.75
-371.5
-512.5
-678.0
-840.0
-1051.0
0.0
-52.4375
-77.625
-104.4375
-137.125
-170.75
-198.5
-226.125
0.0
-162.625
-248.625
-347.5
-481.25
-639.5
-795.0
-993.0
0.0
-174.875
-266.75
-371.5
-512.5
-678.0
-840.0
-1044.0
0.0
-52.4375
-77.625
-104.4375
-137.125
-170.75
-197.375
-227.0
0.0
-162.625
-248.625
-347.5
-481.25
-639.5
-788.5
-1000.0
0.0
-174.875
-266.75
-371.5
-512.5
-678.0
-833.0
-1051.0
0.0
-52.4375
-77.625
-104.4375
-137.125
-170.75
-197.375
-226.125
0.0
-162.625
-248.625
-347.5
-481.25
-639.5
-788.5
-993.0
0.0
-174.875
-266.75
-371.5
-512.5
-678.0
-833.0
-1044.0
0.0
-52.4375
-77.625
-104.4375
-137.125
-170.75
-197.375
0.0
0.0
-162.625
-248.625
-347.5
-481.25
-639.5
-788.5
0.0
0.0
-174.875
-266.75
-371.5
-512.5
-678.0
-833.0
0.0
0.0
103.0625
156.25
213.75
297.25
386.25
478.25
587.5
0.0
-136.625
-208.625
-287.75
-405.0
-533.0
-669.0
-835.0
0.0
-51.21875
-78.0
-107.25
-150.375
-197.0
-246.25
-305.75
0.0
102.0625
156.25
213.75
297.25
386.25
478.25
587.5
0.0
-135.25
-208.625
-287.75
-405.0
-533.0
-669.0
-835.0
0.0
-50.71875
-78.0
-107.25
-150.375
-197.0
-246.25
-305.75
0.0
103.0625
156.25
213.75
297.25
386.25
478.25
584.0
0.0
-136.625
-208.625
-287.75
-405.0
-533.0
-669.0
-829.5
0.0
-51.21875
-78.0
-107.25
-150.375
-197.0
-246.25
-303.75
0.0
102.0625
156.25
213.75
297.25
386.25
478.25
584.0
0.0
-135.25
-208.625
-287.75
-405.0
-533.0
-669.0
-829.5
0.0
-50.71875
-78.0
-107.25
-150.375
-197.0
-246.25
-303.75
0.0
103.0625
156.25
213.75
297.25
386.25
474.75
587.5
0.0
-136.625
-208.625
-287.75
-405.0
-533.0
-663.5
-835.0
0.0
-51.21875
-78.0
-107.25
-150.375
-197.0
-244.25
-305.75
0.0
102.0625
156.25
213.75
297.25
386.25
474.75
587.5
0.0
-135.25
-208.625
-287.75
-405.0
-533.0
-663.5
-835.0
0.0
-50.71875
-78.0
-107.25
-150.375
-197.0
-244.25
-305.75
0.0
103.0625
156.25
213.75
297.25
386.25
474.75
584.0
0.0
-136.625
-208.625
-287.75
-405.0
-533.0
-663.5
-829.5
0.0
-51.21875
-78.0
-107.25
-150.375
-197.0
-244.25
-303.75
0.0
102.0625
156.25
213.75
297.25
386.25
474.75
584.0
0.0
-135.25
-208.625
-287.75
-405.0
-533.0
-663.5
-829.5
0.0
-50.71875
-78.0
-107.25
-150.375
-197.0
-244.25
-303.75
0.0
-167.0
-256.75
-358.5
-493.5
-649.0
-808.0
-1004.0
0.0
-30.640625
-46.28125
-63.375
-84.8125
-108.0625
-129.875
-154.625
0.0
13.890625
21.34375
29.78125
40.96875
53.84375
66.9375
83.125
0.0
-167.0
-256.75
-358.5
-493.5
-649.0
-821.0
-1004.0
0.0
-30.640625
-46.28125
-63.375
-84.8125
-108.0625
-131.625
-154.625
0.0
13.890625
21.34375
29.78125
40.96875
53.84375
68.0
83.125
0.0
-167.0
-256.75
-358.5
-493.5
-649.0
-814.0
-1004.0
0.0
-30.640625
-46.28125
-63.375
-84.8125
-108.0625
-130.75
-154.625
0.0
13.890625
21.34375
29.78125
40.96875
53.84375
67.4375
83.125
0.0
-167.0
-256.75
-358.5
-493.5
-649.0
-801.0
-1004.0
0.0
-30.640625
-46.28125
-63.375
-84.8125
-108.0625
-129.0
-154.625
0.0
13.890625
21.34375
29.78125
40.96875
53.84375
66.375
83.125
0.0
-167.0
-256.75
-358.5
-493.5
-649.0
-808.0
-1011.0
0.0
-30.640625
-46.28125
-63.375
-84.8125
-108.0625
-129.875
-155.375
0.0
13.890625
21.34375
29.78125
40.96875
53.84375
66.9375
83.6875
0.0
-167.0
-256.75
-358.5
-493.5
-649.0
-821.0
-1011.0
0.0
-30.640625
-46.28125
-63.375
-84.8125
-108.0625
-131.625
-155.375
0.0
13.890625
21.34375
29.78125
40.96875
53.84375
68.0
83.6875
0.0
-167.0
-256.75
-358.5
-493.5
-649.0
-814.0
-1011.0
0.0
-30.640625
-46.28125
-63.375
-84.8125
-108.0625
-130.75
-155.375
0.0
13.890625
21.34375
29.78125
40.96875
53.84375
67.4375
83.6875
0.0
-167.0
-256.75
-358.5
-493.5
-649.0
-801.0
-1011.0
0.0
-30.640625
-46.28125
-63.375
-84.8125
-108.0625
-129.0
-155.375
0.0
13.890625
21.34375
29.78125
40.96875
53.84375
66.375
83.6875
0.0
-167.0
-256.75
-352.25
-493.5
-649.0
-808.0
-1004.0
0.0
-30.640625
-46.28125
-62.3125
-84.8125
-108.0625
-129.875
-154.625
0.0
13.890625
21.34375
29.265625
40.96875
53.84375
66.9375
83.125
0.0
-167.0
-256.75
-352.25
-493.5
-649.0
-821.0
-1004.0
0.0
-30.640625
-46.28125
-62.3125
-84.8125
-108.0625
-131.625
-154.625
0.0
13.890625
21.34375
29.265625
40.96875
53.84375
68.0
83.125
0.0
-167.0
-256.75
-352.25
-493.5
-649.0
-814.0
-1004.0
0.0
-30.640625
-46.28125
-62.3125
-84.8125
-108.0625
-130.75
-154.625
0.0
13.890625
21.34375
29.265625
40.96875
53.84375
67.4375
83.125
0.0
-167.0
-256.75
-352.25
-493.5
-649.0
-801.0
-1004.0
0.0
-30.640625
-46.28125
-62.3125
-84.8125
-108.0625
-129.0
-154.625
0.0
13.890625
21.34375
29.265625
40.96875
53.84375
66.375
83.125
0.0
-167.0
-256.75
-352.25
-493.5
-649.0
-808.0
-1011.0
0.0
-30.640625
-46.28125
-62.3125
-84.8125
-108.0625
-129.875
-155.375
0.0
13.890625
21.34375
29.265625
40.96875
53.84375
66.9375
83.6875
0.0
-167.0
-256.75
-352.25
-493.5
-649.0
-821.0
-1011.0
0.0
-30.640625
-46.28125
-62.3125
-84.8125
-108.0625
-131.625
-155.375
0.0
13.890625
21.34375
29.265625
40.96875
53.84375
68.0
83.6875
0.0
-167.0
-256.75
-352.25
-493.5
-649.0
-814.0
-1011.0
0.0
-30.640625
-46.28125
-62.3125
-84.8125
-108.0625
-130.75
-155.375
0.0
13.890625
21.34375
29.265625
40.96875
53.84375
67.4375
83.6875
0.0
-167.0
-256.75
-352.25
-493.5
-649.0
-801.0
-1011.0
0.0
-30.640625
-46.28125
-62.3125
-84.8125
-108.0625
-129.0
-155.375
0.0
13.890625
21.34375
29.265625
40.96875
53.84375
66.375
83.6875
0.0
238.5
328.75
455.25
596.0
727.0
0.0
0.0
0.0
-97.75
-139.75
-203.625
-281.5
-361.75
0.0
0.0
0.0
17.78125
24.640625
34.40625
45.5
56.09375
0.0
0.0
0.0
238.5
334.0
455.25
596.0
727.0
0.0
0.0
0.0
-97.75
-142.25
-203.625
-281.5
-361.75
0.0
0.0
0.0
17.78125
25.03125
34.40625
45.5
56.09375
0.0
0.0
0.0
238.5
328.75
455.25
596.0
732.5
0.0
0.0
0.0
-97.75
-139.75
-203.625
-281.5
-365.25
0.0
0.0
0.0
17.78125
24.640625
34.40625
45.5
56.5625
0.0
0.0
0.0
238.5
334.0
455.25
596.0
732.5
0.0
0.0
0.0
-97.75
-142.25
-203.625
-281.5
-365.25
0.0
0.0
0.0
17.78125
25.03125
34.40625
45.5
56.5625
0.0
0.0
0.0
244.25
328.75
455.25
596.0
727.0
0.0
0.0
0.0
-100.375
-139.75
-203.625
-281.5
-361.75
0.0
0.0
0.0
18.21875
24.640625
34.40625
45.5
56.09375
0.0
0.0
0.0
244.25
334.0
455.25
596.0
727.0
0.0
0.0
0.0
-100.375
-142.25
-203.625
-281.5
-361.75
0.0
0.0
0.0
18.21875
25.03125
34.40625
45.5
56.09375
0.0
0.0
0.0
244.25
328.75
455.25
596.0
732.5
0.0
0.0
0.0
-100.375
-139.75
-203.625
-281.5
-365.25
0.0
0.0
0.0
18.21875
24.640625
34.40625
45.5
56.5625
0.0
0.0
0.0
244.25
334.0
455.25
596.0
732.5
0.0
0.0
0.0
-100.375
-142.25
-203.625
-281.5
-365.25
0.0
0.0
0.0
18.21875
25.03125
34.40625
45.5
56.5625
0.0
0.0
0.0
157.75
244.25
328.75
455.25
596.0
727.0
896.0
0.0
-62.5625
-100.375
-139.75
-203.625
-281.5
-361.75
-475.75
0.0
11.703125
18.21875
24.640625
34.40625
45.5
56.09375
70.125
0.0
157.75
244.25
328.75
455.25
596.0
727.0
901.0
0.0
-62.5625
-100.375
-139.75
-203.625
-281.5
-361.75
-479.5
0.0
11.703125
18.21875
24.640625
34.40625
45.5
56.09375
70.5625
0.0
157.75
238.5
328.75
455.25
596.0
727.0
896.0
0.0
-62.5625
-97.75
-139.75
-203.625
-281.5
-361.75
-475.75
0.0
11.703125
17.78125
24.640625
34.40625
45.5
56.09375
70.125
0.0
157.75
238.5
328.75
455.25
596.0
727.0
901.0
0.0
-62.5625
-97.75
-139.75
-203.625
-281.5
-361.75
-479.5
0.0
11.703125
17.78125
24.640625
34.40625
45.5
56.09375
70.5625
0.0
157.75
244.25
334.0
455.25
596.0
727.0
896.0
0.0
-62.5625
-100.375
-142.25
-203.625
-281.5
-361.75
-475.75
0.0
11.703125
18.21875
25.03125
34.40625
45.5
56.09375
70.125
0.0
157.75
244.25
334.0
455.25
596.0
727.0
901.0
0.0
-62.5625
-100.375
-142.25
-203.625
-281.5
-361.75
-479.5
0.0
11.703125
18.21875
25.03125
34.40625
45.5
56.09375
70.5625
0.0
157.75
238.5
334.0
455.25
596.0
727.0
896.0
0.0
-62.5625
-97.75
-142.25
-203.625
-281.5
-361.75
-475.75
0.0
11.703125
17.78125
25.03125
34.40625
45.5
56.09375
70.125
0.0
157.75
238.5
334.0
455.25
596.0
727.0
901.0
0.0
-62.5625
-97.75
-142.25
-203.625
-281.5
-361.75
-479.5
0.0
11.703125
17.78125
25.03125
34.40625
45.5
56.09375
70.5625
0.0
157.75
244.25
328.75
455.25
596.0
732.5
896.0
0.0
-62.5625
-100.375
-139.75
-203.625
-281.5
-365.25
-475.75
0.0
11.703125
18.21875
24.640625
34.40625
45.5
56.5625
70.125
0.0
157.75
244.25
328.75
455.25
596.0
732.5
901.0
0.0
-62.5625
-100.375
-139.75
-203.625
-281.5
-365.25
-479.5
0.0
11.703125
18.21875
24.640625
34.40625
45.5
56.5625
70.5625
0.0
157.75
238.5
328.75
455.25
596.0
732.5
896.0
0.0
-62.5625
-97.75
-139.75
-203.625
-281.5
-365.25
-475.75
0.0
11.703125
17.78125
24.640625
34.40625
45.5
56.5625
70.125
0.0
157.75
238.5
328.75
455.25
596.0
732.5
901.0
0.0
-62.5625
-97.75
-139.75
-203.625
-281.5
-365.25
-479.5
0.0
11.703125
17.78125
24.640625
34.40625
45.5
56.5625
70.5625
0.0
157.75
244.25
334.0
455.25
596.0
732.5
896.0
0.0
-62.5625
-100.375
-142.25
-203.625
-281.5
-365.25
-475.75
0.0
11.703125
18.21875
25.03125
34.40625
45.5
56.5625
70.125
0.0
157.75
244.25
334.0
455.25
596.0
732.5
901.0
0.0
-62.5625
-100.375
-142.25
-203.625
-281.5
-365.25
-479.5
0.0
11.703125
18.21875
25.03125
34.40625
45.5
56.5625
70.5625
0.0
157.75
238.5
334.0
455.25
596.0
732.5
896.0
0.0
-62.5625
-97.75
-142.25
-203.625
-281.5
-365.25
-475.75
0.0
11.703125
17.78125
25.03125
34.40625
45.5
56.5625
70.125
0.0
157.75
238.5
334.0
455.25
596.0
732.5
901.0
0.0
-62.5625
-97.75
-142.25
-203.625
-281.5
-365.25
-479.5
0.0
11.703125
17.78125
25.03125
34.40625
45.5
56.5625
70.5625
0.0
222.25
310.0
561.0
687.0
851.0
0.0
0.0
0.0
-131.25
-185.375
-347.75
-433.75
-550.0
0.0
0.0
0.0
-266.75
-373.5
-682.5
-840.0
-1048.0
0.0
0.0
0.0
222.25
310.0
561.0
687.0
856.0
0.0
0.0
0.0
-131.25
-185.375
-347.75
-433.75
-554.0
0.0
0.0
0.0
-266.75
-373.5
-682.5
-840.0
-1055.0
0.0
0.0
0.0
222.25
310.0
561.0
692.5
851.0
0.0
0.0
0.0
-131.25
-185.375
-347.75
-437.5
-550.0
0.0
0.0
0.0
-266.75
-373.5
-682.5
-847.0
-1048.0
0.0
0.0
0.0
222.25
310.0
561.0
692.5
856.0
0.0
0.0
0.0
-131.25
-185.375
-347.75
-437.5
-554.0
0.0
0.0
0.0
-266.75
-373.5
-682.5
-847.0
-1055.0
0.0
0.0
0.0
147.875
222.25
310.0
561.0
692.5
851.0
0.0
0.0
-86.4375
-131.25
-185.375
-347.75
-437.5
-550.0
0.0
0.0
-177.125
-266.75
-373.5
-682.5
-847.0
-1048.0
0.0
0.0
147.875
222.25
310.0
561.0
692.5
856.0
0.0
0.0
-86.4375
-131.25
-185.375
-347.75
-437.5
-554.0
0.0
0.0
-177.125
-266.75
-373.5
-682.5
-847.0
-1055.0
0.0
0.0
147.875
222.25
310.0
561.0
687.0
851.0
0.0
0.0
-86.4375
-131.25
-185.375
-347.75
-433.75
-550.0
0.0
0.0
-177.125
-266.75
-373.5
-682.5
-840.0
-1048.0
0.0
0.0
147.875
222.25
310.0
561.0
687.0
856.0
0.0
0.0
-86.4375
-131.25
-185.375
-347.75
-433.75
-554.0
0.0
0.0
-177.125
-266.75
-373.5
-682.5
-840.0
-1055.0
0.0
0.0
146.375
222.25
310.0
561.0
692.5
851.0
0.0
0.0
-85.5625
-131.25
-185.375
-347.75
-437.5
-550.0
0.0
0.0
-175.25
-266.75
-373.5
-682.5
-847.0
-1048.0
0.0
0.0
146.375
222.25
310.0
561.0
692.5
856.0
0.0
0.0
-85.5625
-131.25
-185.375
-347.75
-437.5
-554.0
0.0
0.0
-175.25
-266.75
-373.5
-682.5
-847.0
-1055.0
0.0
0.0
146.375
222.25
310.0
561.0
687.0
851.0
0.0
0.0
-85.5625
-131.25
-185.375
-347.75
-433.75
-550.0
0.0
0.0
-175.25
-266.75
-373.5
-682.5
-840.0
-1048.0
0.0
0.0
146.375
222.25
310.0
561.0
687.0
856.0
0.0
0.0
-85.5625
-131.25
-185.375
-347.75
-433.75
-554.0
0.0
0.0
-175.25
-266.75
-373.5
-682.5
-840.0
-1055.0
0.0
0.0
167.75
253.875
354.5
492.75
643.0
797.0
999.5
0.0
-32.46875
-50.03125
-71.375
-102.0625
-137.25
-175.25
-228.375
0.0
-11.1640625
-16.890625
-23.609375
-32.875
-42.96875
-53.28125
-66.9375
0.0
167.75
253.875
354.5
492.75
643.0
797.0
993.0
0.0
-32.46875
-50.03125
-71.375
-102.0625
-137.25
-175.25
-226.625
0.0
-11.1640625
-16.890625
-23.609375
-32.875
-42.96875
-53.28125
-66.5625
0.0
167.75
253.875
354.5
492.75
643.0
803.0
999.5
0.0
-32.46875
-50.03125
-71.375
-102.0625
-137.25
-176.875
-228.375
0.0
-11.1640625
-16.890625
-23.609375
-32.875
-42.96875
-53.71875
-66.9375
0.0
167.75
253.875
354.5
492.75
643.0
803.0
993.0
0.0
-32.46875
-50.03125
-71.375
-102.0625
-137.25
-176.875
-226.625
0.0
-11.1640625
-16.890625
-23.609375
-32.875
-42.96875
-53.71875
-66.5625
0.0
167.75
253.875
354.5
487.0
643.0
797.0
999.5
0.0
-32.46875
-50.03125
-71.375
-100.6875
-137.25
-175.25
-228.375
0.0
-11.1640625
-16.890625
-23.609375
-32.46875
-42.96875
-53.28125
-66.9375
0.0
167.75
253.875
354.5
487.0
643.0
797.0
993.0
0.0
-32.46875
-50.03125
-71.375
-100.6875
-137.25
-175.25
-226.625
0.0
-11.1640625
-16.890625
-23.609375
-32.46875
-42.96875
-53.28125
-66.5625
0.0
167.75
253.875
354.5
487.0
643.0
803.0
999.5
0.0
-32.46875
-50.03125
-71.375
-100.6875
-137.25
-176.875
-228.375
0.0
-11.1640625
-16.890625
-23.609375
-32.46875
-42.96875
-53.71875
-66.9375
0.0
167.75
253.875
354.5
487.0
643.0
803.0
993.0
0.0
-32.46875
-50.03125
-71.375
-100.6875
-137.25
-176.875
-226.625
0.0
-11.1640625
-16.890625
-23.609375
-32.46875
-42.96875
-53.71875
-66.5625
0.0
253.875
354.5
487.0
643.0
803.0
999.5
0.0
0.0
-50.03125
-71.375
-100.6875
-137.25
-176.875
-228.375
0.0
0.0
-16.890625
-23.609375
-32.46875
-42.96875
-53.71875
-66.9375
0.0
0.0
253.875
354.5
492.75
643.0
803.0
999.5
0.0
0.0
-50.03125
-71.375
-102.0625
-137.25
-176.875
-228.375
0.0
0.0
-16.890625
-23.609375
-32.875
-42.96875
-53.71875
-66.9375
0.0
0.0
253.875
354.5
487.0
643.0
797.0
999.5
0.0
0.0
-50.03125
-71.375
-100.6875
-137.25
-175.25
-228.375
0.0
0.0
-16.890625
-23.609375
-32.46875
-42.96875
-53.28125
-66.9375
0.0
0.0
253.875
354.5
492.75
643.0
797.0
999.5
0.0
0.0
-50.03125
-71.375
-102.0625
-137.25
-175.25
-228.375
0.0
0.0
-16.890625
-23.609375
-32.875
-42.96875
-53.28125
-66.9375
0.0
0.0
253.875
354.5
487.0
643.0
803.0
993.0
0.0
0.0
-50.03125
-71.375
-100.6875
-137.25
-176.875
-226.625
0.0
0.0
-16.890625
-23.609375
-32.46875
-42.96875
-53.71875
-66.5625
0.0
0.0
253.875
354.5
492.75
643.0
803.0
993.0
0.0
0.0
-50.03125
-71.375
-102.0625
-137.25
-176.875
-226.625
0.0
0.0
-16.890625
-23.609375
-32.875
-42.96875
-53.71875
-66.5625
0.0
0.0
253.875
354.5
487.0
643.0
797.0
993.0
0.0
0.0
-50.03125
-71.375
-100.6875
-137.25
-175.25
-226.625
0.0
0.0
-16.890625
-23.609375
-32.46875
-42.96875
-53.28125
-66.5625
0.0
0.0
253.875
354.5
492.75
643.0
797.0
993.0
0.0
0.0
-50.03125
-71.375
-102.0625
-137.25
-175.25
-226.625
0.0
0.0
-16.890625
-23.609375
-32.875
-42.96875
-53.28125
-66.5625
0.0
0.0
253.875
354.5
487.0
643.0
803.0
0.0
0.0
0.0
-50.03125
-71.375
-100.6875
-137.25
-176.875
0.0
0.0
0.0
-16.890625
-23.609375
-32.46875
-42.96875
-53.71875
0.0
0.0
0.0
253.875
354.5
492.75
643.0
803.0
0.0
0.0
0.0
-50.03125
-71.375
-102.0625
-137.25
-176.875
0.0
0.0
0.0
-16.890625
-23.609375
-32.875
-42.96875
-53.71875
0.0
0.0
0.0
253.875
354.5
487.0
643.0
797.0
0.0
0.0
0.0
-50.03125
-71.375
-100.6875
-137.25
-175.25
0.0
0.0
0.0
-16.890625
-23.609375
-32.46875
-42.96875
-53.28125
0.0
0.0
0.0
253.875
354.5
492.75
643.0
797.0
0.0
0.0
0.0
-50.03125
-71.375
-102.0625
-137.25
-175.25
0.0
0.0
0.0
-16.890625
-23.609375
-32.875
-42.96875
-53.28125
0.0
0.0
0.0
157.75
238.5
334.0
898.5
0.0
0.0
0.0
0.0
-62.5625
-97.75
-142.25
-471.75
0.0
0.0
0.0
0.0
11.703125
17.78125
25.03125
350.75
0.0
0.0
0.0
0.0
157.75
238.5
328.75
898.5
0.0
0.0
0.0
0.0
-62.5625
-97.75
-139.75
-471.75
0.0
0.0
0.0
0.0
11.703125
17.78125
24.640625
350.75
0.0
0.0
0.0
0.0
157.75
244.25
334.0
898.5
0.0
0.0
0.0
0.0
-62.5625
-100.375
-142.25
-471.75
0.0
0.0
0.0
0.0
11.703125
18.21875
25.03125
350.75
0.0
0.0
0.0
0.0
157.75
244.25
328.75
898.5
0.0
0.0
0.0
0.0
-62.5625
-100.375
-139.75
-471.75
0.0
0.0
0.0
0.0
11.703125
18.21875
24.640625
350.75
0.0
0.0
0.0
0.0
157.75
238.5
334.0
904.5
0.0
0.0
0.0
0.0
-62.5625
-97.75
-142.25
-475.0
0.0
0.0
0.0
0.0
11.703125
17.78125
25.03125
353.0
0.0
0.0
0.0
0.0
157.75
238.5
328.75
904.5
0.0
0.0
0.0
0.0
-62.5625
-97.75
-139.75
-475.0
0.0
0.0
0.0
0.0
11.703125
17.78125
24.640625
353.0
0.0
0.0
0.0
0.0
157.75
244.25
334.0
904.5
0.0
0.0
0.0
0.0
-62.5625
-100.375
-142.25
-475.0
0.0
0.0
0.0
0.0
11.703125
18.21875
25.03125
353.0
0.0
0.0
0.0
0.0
157.75
244.25
328.75
904.5
0.0
0.0
0.0
0.0
-62.5625
-100.375
-139.75
-475.0
0.0
0.0
0.0
0.0
11.703125
18.21875
24.640625
353.0
0.0
0.0
0.0
0.0
26.421875
41.3125
59.125
82.9375
0.0
0.0
0.0
0.0
167.375
256.5
359.25
490.0
0.0
0.0
0.0
0.0
43.21875
66.3125
92.875
126.8125
0.0
0.0
0.0
0.0
26.671875
41.3125
59.125
82.9375
0.0
0.0
0.0
0.0
169.0
256.5
359.25
490.0
0.0
0.0
0.0
0.0
43.625
66.3125
92.875
126.8125
0.0
0.0
0.0
0.0
26.421875
41.3125
58.03125
82.9375
0.0
0.0
0.0
0.0
167.375
256.5
353.0
490.0
0.0
0.0
0.0
0.0
43.21875
66.3125
91.25
126.8125
0.0
0.0
0.0
0.0
26.671875
41.3125
58.03125
82.9375
0.0
0.0
0.0
0.0
169.0
256.5
353.0
490.0
0.0
0.0
0.0
0.0
43.625
66.3125
91.25
126.8125
0.0
0.0
0.0
0.0
-20.171875
-28.359375
-35.84375
-42.8125
-46.15625
-44.3125
-34.875
0.0
169.0
257.0
357.5
495.75
656.5
817.0
1017.0
0.0
110.6875
168.125
233.75
323.75
428.0
532.5
662.5
0.0
-20.171875
-28.359375
-35.84375
-42.8125
-46.15625
-43.96875
-34.875
0.0
169.0
257.0
357.5
495.75
656.5
830.0
1017.0
0.0
110.6875
168.125
233.75
323.75
428.0
541.0
662.5
0.0
-20.171875
-28.359375
-35.84375
-42.8125
-46.15625
-44.15625
-34.875
0.0
169.0
257.0
357.5
495.75
656.5
823.5
1017.0
0.0
110.6875
168.125
233.75
323.75
428.0
536.5
662.5
0.0
-20.171875
-28.359375
-35.84375
-42.8125
-46.15625
-44.5
-34.875
0.0
169.0
257.0
357.5
495.75
656.5
810.5
1017.0
0.0
110.6875
168.125
233.75
323.75
428.0
528.5
662.5
0.0
-20.171875
-28.359375
-35.84375
-42.8125
-46.15625
-44.3125
-34.09375
0.0
169.0
257.0
357.5
495.75
656.5
817.0
1028.0
0.0
110.6875
168.125
233.75
323.75
428.0
532.5
670.5
0.0
-20.171875
-28.359375
-35.84375
-42.8125
-46.15625
-43.96875
-34.09375
0.0
169.0
257.0
357.5
495.75
656.5
830.0
1028.0
0.0
110.6875
168.125
233.75
323.75
428.0
541.0
670.5
0.0
-20.171875
-28.359375
-35.84375
-42.8125
-46.15625
-44.15625
-34.09375
0.0
169.0
257.0
357.5
495.75
656.5
823.5
1028.0
0.0
110.6875
168.125
233.75
323.75
428.0
536.5
670.5
0.0
-20.171875
-28.359375
-35.84375
-42.8125
-46.15625
-44.5
-34.09375
0.0
169.0
257.0
357.5
495.75
656.5
810.5
1028.0
0.0
110.6875
168.125
233.75
323.75
428.0
528.5
670.5
0.0
-20.171875
-28.359375
-35.84375
-42.8125
-46.15625
-44.3125
-34.5625
0.0
169.0
257.0
357.5
495.75
656.5
817.0
1022.0
0.0
110.6875
168.125
233.75
323.75
428.0
532.5
666.0
0.0
-20.171875
-28.359375
-35.84375
-42.8125
-46.15625
-43.96875
-34.5625
0.0
169.0
257.0
357.5
495.75
656.5
830.0
1022.0
0.0
110.6875
168.125
233.75
323.75
428.0
541.0
666.0
0.0
-20.171875
-28.359375
-35.84375
-42.8125
-46.15625
-44.15625
-34.5625
0.0
169.0
257.0
357.5
495.75
656.5
823.5
1022.0
0.0
110.6875
168.125
233.75
323.75
428.0
536.5
666.0
0.0
-20.171875
-28.359375
-35.84375
-42.8125
-46.15625
-44.5
-34.5625
0.0
169.0
257.0
357.5
495.75
656.5
810.5
1022.0
0.0
110.6875
168.125
233.75
323.75
428.0
528.5
666.0
0.0
-20.171875
-28.359375
-35.84375
-42.8125
-46.15625
-44.3125
-35.3125
0.0
169.0
257.0
357.5
495.75
656.5
817.0
1010.5
0.0
110.6875
168.125
233.75
323.75
428.0
532.5
658.5
0.0
-20.171875
-28.359375
-35.84375
-42.8125
-46.15625
-43.96875
-35.3125
0.0
169.0
257.0
357.5
495.75
656.5
830.0
1010.5
0.0
110.6875
168.125
233.75
323.75
428.0
541.0
658.5
0.0
-20.171875
-28.359375
-35.84375
-42.8125
-46.15625
-44.15625
-35.3125
0.0
169.0
257.0
357.5
495.75
656.5
823.5
1010.5
0.0
110.6875
168.125
233.75
323.75
428.0
536.5
658.5
0.0
-20.171875
-28.359375
-35.84375
-42.8125
-46.15625
-44.5
-35.3125
0.0
169.0
257.0
357.5
495.75
656.5
810.5
1010.5
0.0
110.6875
168.125
233.75
323.75
428.0
528.5
658.5
0.0
-20.171875
-28.359375
-35.84375
-43.0625
-46.15625
-44.3125
-34.875
0.0
169.0
257.0
357.5
502.0
656.5
817.0
1017.0
0.0
110.6875
168.125
233.75
327.75
428.0
532.5
662.5
0.0
-20.171875
-28.359375
-35.84375
-43.0625
-46.15625
-43.96875
-34.875
0.0
169.0
257.0
357.5
502.0
656.5
830.0
1017.0
0.0
110.6875
168.125
233.75
327.75
428.0
541.0
662.5
0.0
-20.171875
-28.359375
-35.84375
-43.0625
-46.15625
-44.15625
-34.875
0.0
169.0
257.0
357.5
502.0
656.5
823.5
1017.0
0.0
110.6875
168.125
233.75
327.75
428.0
536.5
662.5
0.0
-20.171875
-28.359375
-35.84375
-43.0625
-46.15625
-44.5
-34.875
0.0
169.0
257.0
357.5
502.0
656.5
810.5
1017.0
0.0
110.6875
168.125
233.75
327.75
428.0
528.5
662.5
0.0
-20.171875
-28.359375
-35.84375
-43.0625
-46.15625
-44.3125
-34.09375
0.0
169.0
257.0
357.5
502.0
656.5
817.0
1028.0
0.0
110.6875
168.125
233.75
327.75
428.0
532.5
670.5
0.0
-20.171875
-28.359375
-35.84375
-43.0625
-46.15625
-43.96875
-34.09375
0.0
169.0
257.0
357.5
502.0
656.5
830.0
1028.0
0.0
110.6875
168.125
233.75
327.75
428.0
541.0
670.5
0.0
-20.171875
-28.359375
-35.84375
-43.0625
-46.15625
-44.15625
-34.09375
0.0
169.0
257.0
357.5
502.0
656.5
823.5
1028.0
0.0
110.6875
168.125
233.75
327.75
428.0
536.5
670.5
0.0
-20.171875
-28.359375
-35.84375
-43.0625
-46.15625
-44.5
-34.09375
0.0
169.0
257.0
357.5
502.0
656.5
810.5
1028.0
0.0
110.6875
168.125
233.75
327.75
428.0
528.5
670.5
0.0
-20.171875
-28.359375
-35.84375
-43.0625
-46.15625
-44.3125
-34.5625
0.0
169.0
257.0
357.5
502.0
656.5
817.0
1022.0
0.0
110.6875
168.125
233.75
327.75
428.0
532.5
666.0
0.0
-20.171875
-28.359375
-35.84375
-43.0625
-46.15625
-43.96875
-34.5625
0.0
169.0
257.0
357.5
502.0
656.5
830.0
1022.0
0.0
110.6875
168.125
233.75
327.75
428.0
541.0
666.0
0.0
-20.171875
-28.359375
-35.84375
-43.0625
-46.15625
-44.15625
-34.5625
0.0
169.0
257.0
357.5
502.0
656.5
823.5
1022.0
0.0
110.6875
168.125
233.75
327.75
428.0
536.5
666.0
0.0
-20.171875
-28.359375
-35.84375
-43.0625
-46.15625
-44.5
-34.5625
0.0
169.0
257.0
357.5
502.0
656.5
810.5
1022.0
0.0
110.6875
168.125
233.75
327.75
428.0
528.5
666.0
0.0
-20.171875
-28.359375
-35.84375
-43.0625
-46.15625
-44.3125
-35.3125
0.0
169.0
257.0
357.5
502.0
656.5
817.0
1010.5
0.0
110.6875
168.125
233.75
327.75
428.0
532.5
658.5
0.0
-20.171875
-28.359375
-35.84375
-43.0625
-46.15625
-43.96875
-35.3125
0.0
169.0
257.0
357.5
502.0
656.5
830.0
1010.5
0.0
110.6875
168.125
233.75
327.75
428.0
541.0
658.5
0.0
-20.171875
-28.359375
-35.84375
-43.0625
-46.15625
-44.15625
-35.3125
0.0
169.0
257.0
357.5
502.0
656.5
823.5
1010.5
0.0
110.6875
168.125
233.75
327.75
428.0
536.5
658.5
0.0
-20.171875
-28.359375
-35.84375
-43.0625
-46.15625
-44.5
-35.3125
0.0
169.0
257.0
357.5
502.0
656.5
810.5
1010.5
0.0
110.6875
168.125
233.75
327.75
428.0
528.5
658.5
0.0
-28.359375
-35.84375
-43.0625
-46.15625
-44.3125
-34.5625
0.0
0.0
257.0
357.5
502.0
656.5
817.0
1022.0
0.0
0.0
168.125
233.75
327.75
428.0
532.5
666.0
0.0
0.0
-28.359375
-35.84375
-43.0625
-46.15625
-43.96875
-34.5625
0.0
0.0
257.0
357.5
502.0
656.5
830.0
1022.0
0.0
0.0
168.125
233.75
327.75
428.0
541.0
666.0
0.0
0.0
-28.359375
-35.84375
-43.0625
-46.15625
-44.15625
-34.5625
0.0
0.0
257.0
357.5
502.0
656.5
823.5
1022.0
0.0
0.0
168.125
233.75
327.75
428.0
536.5
666.0
0.0
0.0
-28.359375
-35.84375
-43.0625
-46.15625
-44.5
-34.5625
0.0
0.0
257.0
357.5
502.0
656.5
810.5
1022.0
0.0
0.0
168.125
233.75
327.75
428.0
528.5
666.0
0.0
0.0
-28.359375
-35.84375
-43.0625
-46.15625
-44.3125
-34.09375
0.0
0.0
257.0
357.5
502.0
656.5
817.0
1028.0
0.0
0.0
168.125
233.75
327.75
428.0
532.5
670.5
0.0
0.0
-28.359375
-35.84375
-43.0625
-46.15625
-43.96875
-34.09375
0.0
0.0
257.0
357.5
502.0
656.5
830.0
1028.0
0.0
0.0
168.125
233.75
327.75
428.0
541.0
670.5
0.0
0.0
-28.359375
-35.84375
-43.0625
-46.15625
-44.15625
-34.09375
0.0
0.0
257.0
357.5
502.0
656.5
823.5
1028.0
0.0
0.0
168.125
233.75
327.75
428.0
536.5
670.5
0.0
0.0
-28.359375
-35.84375
-43.0625
-46.15625
-44.5
-34.09375
0.0
0.0
257.0
357.5
502.0
656.5
810.5
1028.0
0.0
0.0
168.125
233.75
327.75
428.0
528.5
670.5
0.0
0.0
-28.359375
-35.84375
-43.0625
-46.15625
-44.3125
-34.875
0.0
0.0
257.0
357.5
502.0
656.5
817.0
1017.0
0.0
0.0
168.125
233.75
327.75
428.0
532.5
662.5
0.0
0.0
-28.359375
-35.84375
-43.0625
-46.15625
-43.96875
-34.875
0.0
0.0
257.0
357.5
502.0
656.5
830.0
1017.0
0.0
0.0
168.125
233.75
327.75
428.0
541.0
662.5
0.0
0.0
-28.359375
-35.84375
-43.0625
-46.15625
-44.15625
-34.875
0.0
0.0
257.0
357.5
502.0
656.5
823.5
1017.0
0.0
0.0
168.125
233.75
327.75
428.0
536.5
662.5
0.0
0.0
-28.359375
-35.84375
-43.0625
-46.15625
-44.5
-34.875
0.0
0.0
257.0
357.5
502.0
656.5
810.5
1017.0
0.0
0.0
168.125
233.75
327.75
428.0
528.5
662.5
0.0
0.0
-28.359375
-35.84375
-43.0625
-46.15625
-44.3125
-35.3125
0.0
0.0
257.0
357.5
502.0
656.5
817.0
1010.5
0.0
0.0
168.125
233.75
327.75
428.0
532.5
658.5
0.0
0.0
-28.359375
-35.84375
-43.0625
-46.15625
-43.96875
-35.3125
0.0
0.0
257.0
357.5
502.0
656.5
830.0
1010.5
0.0
0.0
168.125
233.75
327.75
428.0
541.0
658.5
0.0
0.0
-28.359375
-35.84375
-43.0625
-46.15625
-44.15625
-35.3125
0.0
0.0
257.0
357.5
502.0
656.5
823.5
1010.5
0.0
0.0
168.125
233.75
327.75
428.0
536.5
658.5
0.0
0.0
-28.359375
-35.84375
-43.0625
-46.15625
-44.5
-35.3125
0.0
0.0
257.0
357.5
502.0
656.5
810.5
1010.5
0.0
0.0
168.125
233.75
327.75
428.0
528.5
658.5
0.0
0.0
-28.359375
-35.84375
-42.8125
-46.15625
-44.3125
-34.5625
0.0
0.0
257.0
357.5
495.75
656.5
817.0
1022.0
0.0
0.0
168.125
233.75
323.75
428.0
532.5
666.0
0.0
0.0
-28.359375
-35.84375
-42.8125
-46.15625
-43.96875
-34.5625
0.0
0.0
257.0
357.5
495.75
656.5
830.0
1022.0
0.0
0.0
168.125
233.75
323.75
428.0
541.0
666.0
0.0
0.0
-28.359375
-35.84375
-42.8125
-46.15625
-44.15625
-34.5625
0.0
0.0
257.0
357.5
495.75
656.5
823.5
1022.0
0.0
0.0
168.125
233.75
323.75
428.0
536.5
666.0
0.0
0.0
-28.359375
-35.84375
-42.8125
-46.15625
-44.5
-34.5625
0.0
0.0
257.0
357.5
495.75
656.5
810.5
1022.0
0.0
0.0
168.125
233.75
323.75
428.0
528.5
666.0
0.0
0.0
-28.359375
-35.84375
-42.8125
-46.15625
-44.3125
-34.09375
0.0
0.0
257.0
357.5
495.75
656.5
817.0
1028.0
0.0
0.0
168.125
233.75
323.75
428.0
532.5
670.5
0.0
0.0
-28.359375
-35.84375
-42.8125
-46.15625
-43.96875
-34.09375
0.0
0.0
257.0
357.5
495.75
656.5
830.0
1028.0
0.0
0.0
168.125
233.75
323.75
428.0
541.0
670.5
0.0
0.0
-28.359375
-35.84375
-42.8125
-46.15625
-44.15625
-34.09375
0.0
0.0
257.0
357.5
495.75
656.5
823.5
1028.0
0.0
0.0
168.125
233.75
323.75
428.0
536.5
670.5
0.0
0.0
-28.359375
-35.84375
-42.8125
-46.15625
-44.5
-34.09375
0.0
0.0
257.0
357.5
495.75
656.5
810.5
1028.0
0.0
0.0
168.125
233.75
323.75
428.0
528.5
670.5
0.0
0.0
-28.359375
-35.84375
-42.8125
-46.15625
-44.3125
-34.875
0.0
0.0
257.0
357.5
495.75
656.5
817.0
1017.0
0.0
0.0
168.125
233.75
323.75
428.0
532.5
662.5
0.0
0.0
-28.359375
-35.84375
-42.8125
-46.15625
-43.96875
-34.875
0.0
0.0
257.0
357.5
495.75
656.5
830.0
1017.0
0.0
0.0
168.125
233.75
323.75
428.0
541.0
662.5
0.0
0.0
-28.359375
-35.84375
-42.8125
-46.15625
-44.15625
-34.875
0.0
0.0
257.0
357.5
495.75
656.5
823.5
1017.0
0.0
0.0
168.125
233.75
323.75
428.0
536.5
662.5
0.0
0.0
-28.359375
-35.84375
-42.8125
-46.15625
-44.5
-34.875
0.0
0.0
257.0
357.5
495.75
656.5
810.5
1017.0
0.0
0.0
168.125
233.75
323.75
428.0
528.5
662.5
0.0
0.0
-28.359375
-35.84375
-42.8125
-46.15625
-44.3125
-35.3125
0.0
0.0
257.0
357.5
495.75
656.5
817.0
1010.5
0.0
0.0
168.125
233.75
323.75
428.0
532.5
658.5
0.0
0.0
-28.359375
-35.84375
-42.8125
-46.15625
-43.96875
-35.3125
0.0
0.0
257.0
357.5
495.75
656.5
830.0
1010.5
0.0
0.0
168.125
233.75
323.75
428.0
541.0
658.5
0.0
0.0
-28.359375
-35.84375
-42.8125
-46.15625
-44.15625
-35.3125
0.0
0.0
257.0
357.5
495.75
656.5
823.5
1010.5
0.0
0.0
168.125
233.75
323.75
428.0
536.5
658.5
0.0
0.0
-28.359375
-35.84375
-42.8125
-46.15625
-44.5
-35.3125
0.0
0.0
257.0
357.5
495.75
656.5
810.5
1010.5
0.0
0.0
168.125
233.75
323.75
428.0
528.5
658.5
0.0
0.0
-108.3125
-163.625
-226.75
-313.75
-409.0
-501.75
-619.5
0.0
-131.375
-199.75
-279.0
-390.25
-515.0
-639.0
-801.0
0.0
-35.5625
-53.9375
-75.125
-104.5625
-137.375
-169.75
-211.625
0.0
-108.3125
-163.625
-226.75
-313.75
-409.0
-501.75
-623.0
0.0
-131.375
-199.75
-279.0
-390.25
-515.0
-639.0
-806.5
0.0
-35.5625
-53.9375
-75.125
-104.5625
-137.375
-169.75
-213.0
0.0
-108.3125
-163.625
-226.75
-313.75
-409.0
-505.75
-619.5
0.0
-131.375
-199.75
-279.0
-390.25
-515.0
-644.5
-801.0
0.0
-35.5625
-53.9375
-75.125
-104.5625
-137.375
-171.25
-211.625
0.0
-108.3125
-163.625
-226.75
-313.75
-409.0
-505.75
-623.0
0.0
-131.375
-199.75
-279.0
-390.25
-515.0
-644.5
-806.5
0.0
-35.5625
-53.9375
-75.125
-104.5625
-137.375
-171.25
-213.0
0.0
-143.75
-220.875
-315.5
-443.25
-596.0
-761.5
-950.5
0.0
91.0625
133.125
179.0
231.5
281.25
320.5
347.5
0.0
8.4453125
12.8046875
18.03125
24.890625
32.84375
41.28125
50.78125
0.0
-143.75
-226.75
-315.5
-443.25
-596.0
-761.5
-950.5
0.0
91.0625
136.125
179.0
231.5
281.25
320.5
347.5
0.0
8.4453125
13.1328125
18.03125
24.890625
32.84375
41.28125
50.78125
0.0
-143.75
-220.875
-315.5
-443.25
-596.0
-754.5
-950.5
0.0
91.0625
133.125
179.0
231.5
281.25
319.0
347.5
0.0
8.4453125
12.8046875
18.03125
24.890625
32.84375
40.9375
50.78125
0.0
-143.75
-226.75
-315.5
-443.25
-596.0
-754.5
-950.5
0.0
91.0625
136.125
179.0
231.5
281.25
319.0
347.5
0.0
8.4453125
13.1328125
18.03125
24.890625
32.84375
40.9375
50.78125
0.0
-143.75
-220.875
-315.5
-443.25
-596.0
-761.5
-957.5
0.0
91.0625
133.125
179.0
231.5
281.25
320.5
348.0
0.0
8.4453125
12.8046875
18.03125
24.890625
32.84375
41.28125
51.125
0.0
-143.75
-226.75
-315.5
-443.25
-596.0
-761.5
-957.5
0.0
91.0625
136.125
179.0
231.5
281.25
320.5
348.0
0.0
8.4453125
13.1328125
18.03125
24.890625
32.84375
41.28125
51.125
0.0
-143.75
-220.875
-315.5
-443.25
-596.0
-754.5
-957.5
0.0
91.0625
133.125
179.0
231.5
281.25
319.0
348.0
0.0
8.4453125
12.8046875
18.03125
24.890625
32.84375
40.9375
51.125
0.0
-143.75
-226.75
-315.5
-443.25
-596.0
-754.5
-957.5
0.0
91.0625
136.125
179.0
231.5
281.25
319.0
348.0
0.0
8.4453125
13.1328125
18.03125
24.890625
32.84375
40.9375
51.125
0.0
26.421875
41.3125
59.125
84.0
0.0
0.0
0.0
0.0
167.375
256.5
359.25
495.75
0.0
0.0
0.0
0.0
43.21875
66.3125
92.875
128.25
0.0
0.0
0.0
0.0
26.671875
41.3125
59.125
84.0
0.0
0.0
0.0
0.0
169.0
256.5
359.25
495.75
0.0
0.0
0.0
0.0
43.625
66.3125
92.875
128.25
0.0
0.0
0.0
0.0
26.421875
41.3125
58.03125
84.0
0.0
0.0
0.0
0.0
167.375
256.5
353.0
495.75
0.0
0.0
0.0
0.0
43.21875
66.3125
91.25
128.25
0.0
0.0
0.0
0.0
26.671875
41.3125
58.03125
84.0
0.0
0.0
0.0
0.0
169.0
256.5
353.0
495.75
0.0
0.0
0.0
0.0
43.625
66.3125
91.25
128.25
0.0
0.0
0.0
0.0
26.421875
41.3125
59.125
82.9375
0.0
0.0
0.0
0.0
167.375
256.5
359.25
490.0
0.0
0.0
0.0
0.0
43.21875
66.3125
92.875
126.8125
0.0
0.0
0.0
0.0
26.671875
41.3125
59.125
82.9375
0.0
0.0
0.0
0.0
169.0
256.5
359.25
490.0
0.0
0.0
0.0
0.0
43.625
66.3125
92.875
126.8125
0.0
0.0
0.0
0.0
26.421875
41.3125
58.03125
82.9375
0.0
0.0
0.0
0.0
167.375
256.5
353.0
490.0
0.0
0.0
0.0
0.0
43.21875
66.3125
91.25
126.8125
0.0
0.0
0.0
0.0
26.671875
41.3125
58.03125
82.9375
0.0
0.0
0.0
0.0
169.0
256.5
353.0
490.0
0.0
0.0
0.0
0.0
43.625
66.3125
91.25
126.8125
0.0
0.0
0.0
0.0
26.421875
41.3125
58.03125
82.9375
147.25
186.5
0.0
0.0
167.375
256.5
353.0
490.0
814.5
995.5
0.0
0.0
43.21875
66.3125
91.25
126.8125
211.125
258.5
0.0
0.0
26.421875
41.3125
58.03125
84.0
147.25
186.5
0.0
0.0
167.375
256.5
353.0
495.75
814.5
995.5
0.0
0.0
43.21875
66.3125
91.25
128.25
211.125
258.5
0.0
0.0
26.421875
41.3125
58.03125
82.9375
147.25
187.875
0.0
0.0
167.375
256.5
353.0
490.0
814.5
1002.0
0.0
0.0
43.21875
66.3125
91.25
126.8125
211.125
260.0
0.0
0.0
26.421875
41.3125
58.03125
84.0
147.25
187.875
0.0
0.0
167.375
256.5
353.0
495.75
814.5
1002.0
0.0
0.0
43.21875
66.3125
91.25
128.25
211.125
260.0
0.0
0.0
26.421875
41.3125
59.125
82.9375
147.25
186.5
0.0
0.0
167.375
256.5
359.25
490.0
814.5
995.5
0.0
0.0
43.21875
66.3125
92.875
126.8125
211.125
258.5
0.0
0.0
26.421875
41.3125
59.125
84.0
147.25
186.5
0.0
0.0
167.375
256.5
359.25
495.75
814.5
995.5
0.0
0.0
43.21875
66.3125
92.875
128.25
211.125
258.5
0.0
0.0
26.421875
41.3125
59.125
82.9375
147.25
187.875
0.0
0.0
167.375
256.5
359.25
490.0
814.5
1002.0
0.0
0.0
43.21875
66.3125
92.875
126.8125
211.125
260.0
0.0
0.0
26.421875
41.3125
59.125
84.0
147.25
187.875
0.0
0.0
167.375
256.5
359.25
495.75
814.5
1002.0
0.0
0.0
43.21875
66.3125
92.875
128.25
211.125
260.0
0.0
0.0
26.421875
41.3125
58.03125
82.9375
145.875
186.5
0.0
0.0
167.375
256.5
353.0
490.0
808.0
995.5
0.0
0.0
43.21875
66.3125
91.25
126.8125
209.375
258.5
0.0
0.0
26.421875
41.3125
58.03125
84.0
145.875
186.5
0.0
0.0
167.375
256.5
353.0
495.75
808.0
995.5
0.0
0.0
43.21875
66.3125
91.25
128.25
209.375
258.5
0.0
0.0
26.421875
41.3125
58.03125
82.9375
145.875
187.875
0.0
0.0
167.375
256.5
353.0
490.0
808.0
1002.0
0.0
0.0
43.21875
66.3125
91.25
126.8125
209.375
260.0
0.0
0.0
26.421875
41.3125
58.03125
84.0
145.875
187.875
0.0
0.0
167.375
256.5
353.0
495.75
808.0
1002.0
0.0
0.0
43.21875
66.3125
91.25
128.25
209.375
260.0
0.0
0.0
26.421875
41.3125
59.125
82.9375
145.875
186.5
0.0
0.0
167.375
256.5
359.25
490.0
808.0
995.5
0.0
0.0
43.21875
66.3125
92.875
126.8125
209.375
258.5
0.0
0.0
26.421875
41.3125
59.125
84.0
145.875
186.5
0.0
0.0
167.375
256.5
359.25
495.75
808.0
995.5
0.0
0.0
43.21875
66.3125
92.875
128.25
209.375
258.5
0.0
0.0
26.421875
41.3125
59.125
82.9375
145.875
187.875
0.0
0.0
167.375
256.5
359.25
490.0
808.0
1002.0
0.0
0.0
43.21875
66.3125
92.875
126.8125
209.375
260.0
0.0
0.0
26.421875
41.3125
59.125
84.0
145.875
187.875
0.0
0.0
167.375
256.5
359.25
495.75
808.0
1002.0
0.0
0.0
43.21875
66.3125
92.875
128.25
209.375
260.0
0.0
0.0
26.671875
41.3125
58.03125
82.9375
147.25
186.5
0.0
0.0
169.0
256.5
353.0
490.0
814.5
995.5
0.0
0.0
43.625
66.3125
91.25
126.8125
211.125
258.5
0.0
0.0
26.671875
41.3125
58.03125
84.0
147.25
186.5
0.0
0.0
169.0
256.5
353.0
495.75
814.5
995.5
0.0
0.0
43.625
66.3125
91.25
128.25
211.125
258.5
0.0
0.0
26.671875
41.3125
58.03125
82.9375
147.25
187.875
0.0
0.0
169.0
256.5
353.0
490.0
814.5
1002.0
0.0
0.0
43.625
66.3125
91.25
126.8125
211.125
260.0
0.0
0.0
26.671875
41.3125
58.03125
84.0
147.25
187.875
0.0
0.0
169.0
256.5
353.0
495.75
814.5
1002.0
0.0
0.0
43.625
66.3125
91.25
128.25
211.125
260.0
0.0
0.0
26.671875
41.3125
59.125
82.9375
147.25
186.5
0.0
0.0
169.0
256.5
359.25
490.0
814.5
995.5
0.0
0.0
43.625
66.3125
92.875
126.8125
211.125
258.5
0.0
0.0
26.671875
41.3125
59.125
84.0
147.25
186.5
0.0
0.0
169.0
256.5
359.25
495.75
814.5
995.5
0.0
0.0
43.625
66.3125
92.875
128.25
211.125
258.5
0.0
0.0
26.671875
41.3125
59.125
82.9375
147.25
187.875
0.0
0.0
169.0
256.5
359.25
490.0
814.5
1002.0
0.0
0.0
43.625
66.3125
92.875
126.8125
211.125
260.0
0.0
0.0
26.671875
41.3125
59.125
84.0
147.25
187.875
0.0
0.0
169.0
256.5
359.25
495.75
814.5
1002.0
0.0
0.0
43.625
66.3125
92.875
128.25
211.125
260.0
0.0
0.0
26.671875
41.3125
58.03125
82.9375
145.875
186.5
0.0
0.0
169.0
256.5
353.0
490.0
808.0
995.5
0.0
0.0
43.625
66.3125
91.25
126.8125
209.375
258.5
0.0
0.0
26.671875
41.3125
58.03125
84.0
145.875
186.5
0.0
0.0
169.0
256.5
353.0
495.75
808.0
995.5
0.0
0.0
43.625
66.3125
91.25
128.25
209.375
258.5
0.0
0.0
26.671875
41.3125
58.03125
82.9375
145.875
187.875
0.0
0.0
169.0
256.5
353.0
490.0
808.0
1002.0
0.0
0.0
43.625
66.3125
91.25
126.8125
209.375
260.0
0.0
0.0
26.671875
41.3125
58.03125
84.0
145.875
187.875
0.0
0.0
169.0
256.5
353.0
495.75
808.0
1002.0
0.0
0.0
43.625
66.3125
91.25
128.25
209.375
260.0
0.0
0.0
26.671875
41.3125
59.125
82.9375
145.875
186.5
0.0
0.0
169.0
256.5
359.25
490.0
808.0
995.5
0.0
0.0
43.625
66.3125
92.875
126.8125
209.375
258.5
0.0
0.0
26.671875
41.3125
59.125
84.0
145.875
186.5
0.0
0.0
169.0
256.5
359.25
495.75
808.0
995.5
0.0
0.0
43.625
66.3125
92.875
128.25
209.375
258.5
0.0
0.0
26.671875
41.3125
59.125
82.9375
145.875
187.875
0.0
0.0
169.0
256.5
359.25
490.0
808.0
1002.0
0.0
0.0
43.625
66.3125
92.875
126.8125
209.375
260.0
0.0
0.0
26.671875
41.3125
59.125
84.0
145.875
187.875
0.0
0.0
169.0
256.5
359.25
495.75
808.0
1002.0
0.0
0.0
43.625
66.3125
92.875
128.25
209.375
260.0
0.0
0.0
26.421875
41.3125
59.125
187.875
0.0
0.0
0.0
0.0
167.375
256.5
359.25
1002.0
0.0
0.0
0.0
0.0
43.21875
66.3125
92.875
260.0
0.0
0.0
0.0
0.0
26.671875
41.3125
59.125
187.875
0.0
0.0
0.0
0.0
169.0
256.5
359.25
1002.0
0.0
0.0
0.0
0.0
43.625
66.3125
92.875
260.0
0.0
0.0
0.0
0.0
26.421875
41.3125
58.03125
187.875
0.0
0.0
0.0
0.0
167.375
256.5
353.0
1002.0
0.0
0.0
0.0
0.0
43.21875
66.3125
91.25
260.0
0.0
0.0
0.0
0.0
26.671875
41.3125
58.03125
187.875
0.0
0.0
0.0
0.0
169.0
256.5
353.0
1002.0
0.0
0.0
0.0
0.0
43.625
66.3125
91.25
260.0
0.0
0.0
0.0
0.0
26.421875
41.3125
59.125
186.5
0.0
0.0
0.0
0.0
167.375
256.5
359.25
995.5
0.0
0.0
0.0
0.0
43.21875
66.3125
92.875
258.5
0.0
0.0
0.0
0.0
26.671875
41.3125
59.125
186.5
0.0
0.0
0.0
0.0
169.0
256.5
359.25
995.5
0.0
0.0
0.0
0.0
43.625
66.3125
92.875
258.5
0.0
0.0
0.0
0.0
26.421875
41.3125
58.03125
186.5
0.0
0.0
0.0
0.0
167.375
256.5
353.0
995.5
0.0
0.0
0.0
0.0
43.21875
66.3125
91.25
258.5
0.0
0.0
0.0
0.0
26.671875
41.3125
58.03125
186.5
0.0
0.0
0.0
0.0
169.0
256.5
353.0
995.5
0.0
0.0
0.0
0.0
43.625
66.3125
91.25
258.5
0.0
0.0
0.0
0.0
168.0
256.25
353.5
494.75
651.0
805.0
1012.0
0.0
-28.15625
-42.03125
-56.5
-76.1875
-95.9375
-113.5
-134.125
0.0
-133.0
-203.0
-279.75
-391.25
-514.0
-635.0
-798.0
0.0
168.0
256.25
353.5
494.75
651.0
805.0
1019.0
0.0
-28.15625
-42.03125
-56.5
-76.1875
-95.9375
-113.5
-134.75
0.0
-133.0
-203.0
-279.75
-391.25
-514.0
-635.0
-803.0
0.0
168.0
256.25
353.5
494.75
651.0
811.5
1012.0
0.0
-28.15625
-42.03125
-56.5
-76.1875
-95.9375
-114.25
-134.125
0.0
-133.0
-203.0
-279.75
-391.25
-514.0
-640.5
-798.0
0.0
168.0
256.25
353.5
494.75
651.0
811.5
1019.0
0.0
-28.15625
-42.03125
-56.5
-76.1875
-95.9375
-114.25
-134.75
0.0
-133.0
-203.0
-279.75
-391.25
-514.0
-640.5
-803.0
0.0
92.8125
145.125
201.5
286.75
389.0
493.25
623.0
0.0
142.125
217.875
296.25
409.0
535.5
657.0
797.5
0.0
-18.375
-28.359375
-38.8125
-54.09375
-71.75
-89.0625
-109.75
0.0
92.8125
145.125
201.5
286.75
389.0
489.0
623.0
0.0
142.125
217.875
296.25
409.0
535.5
652.0
797.5
0.0
-18.375
-28.359375
-38.8125
-54.09375
-71.75
-88.3125
-109.75
0.0
92.8125
145.125
201.5
286.75
389.0
493.25
631.5
0.0
142.125
217.875
296.25
409.0
535.5
657.0
806.0
0.0
-18.375
-28.359375
-38.8125
-54.09375
-71.75
-89.0625
-111.125
0.0
92.8125
145.125
201.5
286.75
389.0
489.0
631.5
0.0
142.125
217.875
296.25
409.0
535.5
652.0
806.0
0.0
-18.375
-28.359375
-38.8125
-54.09375
-71.75
-88.3125
-111.125
0.0
92.8125
145.125
201.5
286.75
389.0
493.25
636.0
0.0
142.125
217.875
296.25
409.0
535.5
657.0
811.0
0.0
-18.375
-28.359375
-38.8125
-54.09375
-71.75
-89.0625
-111.8125
0.0
92.8125
145.125
201.5
286.75
389.0
489.0
636.0
0.0
142.125
217.875
296.25
409.0
535.5
652.0
811.0
0.0
-18.375
-28.359375
-38.8125
-54.09375
-71.75
-88.3125
-111.8125
0.0
92.8125
145.125
201.5
286.75
389.0
493.25
627.5
0.0
142.125
217.875
296.25
409.0
535.5
657.0
802.0
0.0
-18.375
-28.359375
-38.8125
-54.09375
-71.75
-89.0625
-110.5
0.0
92.8125
145.125
201.5
286.75
389.0
489.0
627.5
0.0
142.125
217.875
296.25
409.0
535.5
652.0
802.0
0.0
-18.375
-28.359375
-38.8125
-54.09375
-71.75
-88.3125
-110.5
0.0
100.3125
154.125
217.125
306.25
407.75
511.0
654.5
0.0
138.125
209.0
289.25
398.25
516.5
630.0
779.5
0.0
24.484375
37.25
51.875
72.0625
94.375
116.4375
146.125
0.0
100.3125
154.125
217.125
306.25
407.75
511.0
659.5
0.0
138.125
209.0
289.25
398.25
516.5
630.0
784.5
0.0
24.484375
37.25
51.875
72.0625
94.375
116.4375
147.125
0.0
100.3125
154.125
217.125
306.25
407.75
519.5
654.5
0.0
138.125
209.0
289.25
398.25
516.5
639.5
779.5
0.0
24.484375
37.25
51.875
72.0625
94.375
118.25
146.125
0.0
100.3125
154.125
217.125
306.25
407.75
519.5
659.5
0.0
138.125
209.0
289.25
398.25
516.5
639.5
784.5
0.0
24.484375
37.25
51.875
72.0625
94.375
118.25
147.125
0.0
100.3125
154.125
217.125
306.25
407.75
524.0
654.5
0.0
138.125
209.0
289.25
398.25
516.5
644.5
779.5
0.0
24.484375
37.25
51.875
72.0625
94.375
119.1875
146.125
0.0
100.3125
154.125
217.125
306.25
407.75
524.0
659.5
0.0
138.125
209.0
289.25
398.25
516.5
644.5
784.5
0.0
24.484375
37.25
51.875
72.0625
94.375
119.1875
147.125
0.0
100.3125
154.125
217.125
306.25
407.75
515.5
654.5
0.0
138.125
209.0
289.25
398.25
516.5
635.0
779.5
0.0
24.484375
37.25
51.875
72.0625
94.375
117.375
146.125
0.0
100.3125
154.125
217.125
306.25
407.75
515.5
659.5
0.0
138.125
209.0
289.25
398.25
516.5
635.0
784.5
0.0
24.484375
37.25
51.875
72.0625
94.375
117.375
147.125
0.0