0.0 
0.73339844 
0.98046875 
0.00390625 
0.9892578 
0.0 
0.0009765625 
0.0 
0.27441406 
0.0 
0.001953125 
0.0 
0.0 
0.0 
0.0 
0.99902344 
0.0 
0.06347656 
0.0 
0.0 
0.0126953125 
0.0 
0.0 
0.99609375 
0.0 
0.0 
0.0009765625 
0.00390625 
0.70214844 
0.9453125 
0.0 
0.001953125 
0.0 
0.0 
0.0 
0.8417969 
0.001953125 
0.0009765625 
0.0 
0.0 
0.9892578 
0.35546875 
0.0 
0.0 
0.96777344 
0.0 
0.001953125 
0.0 
0.0 
0.0 
0.0 
0.35546875 
0.057617188 
0.99902344 
0.0 
0.0 
0.053710938 
0.62597656 
0.0 
0.0 
0.0 
0.0 
0.99609375 
0.0 
0.0 
0.7949219 
0.9951172 
0.0 
0.0 
0.0 
0.0 
0.0 
0.0 
0.9765625 
0.0 
0.0 
0.0 
0.0 
0.0 
0.0009765625 
0.0 
0.98046875 
0.9609375 
0.0 
0.78515625 
0.0 
0.0 
0.0 
0.41015625 
0.0 
0.0 
0.009765625 
0.0 
0.0 
0.01171875 
0.0 
0.0 
0.98828125 
0.0 
0.0 
