0.0007573
0.0
0.0
0.0
0.0
0.0
0.0
0.0
103.5
0.0
0.0
0.0
0.0
0.0
0.0
0.0
-0.06095
0.0
0.0
0.0
0.0
0.0
0.0
0.0
0.489013671875
0.64892578125
0.80908203125
0.99951171875
0.0
0.0
0.0
0.0
0.0
-0.006443023681640625
-0.01605224609375
-0.031707763671875
0.0
0.0
0.0
0.0
0.039825439453125
0.0528564453125
0.06591796875
0.08148193359375
0.0
0.0
0.0
0.0
0.489013671875
0.64892578125
0.8154296875
0.99951171875
0.0
0.0
0.0
0.0
0.0
-0.006443023681640625
-0.0165252685546875
-0.031707763671875
0.0
0.0
0.0
0.0
0.039825439453125
0.0528564453125
0.06640625
0.08148193359375
0.0
0.0
0.0
0.0