0.998046875
0.9970703125
0.998046875
0.998046875
0.998046875
0.9970703125
0.998046875
0.998046875
0.998046875
0.9970703125
0.998046875
0.998046875
0.998046875
0.9970703125
0.998046875
0.998046875
0.0
0.0
0.0
0.0
0.9990234375
0.9990234375
0.9990234375
0.9990234375
0.9990234375
0.9990234375
0.9990234375
0.9990234375
0.0
0.0
0.0
0.0
0.0
0.0
0.0
0.0
0.9990234375
0.9990234375
0.9990234375
0.9990234375
0.9990234375
0.9990234375
0.9990234375
0.9990234375
0.9990234375
0.9990234375
0.9990234375
0.9990234375
0.9990234375
0.9990234375
0.9990234375
0.9990234375
0.0
0.0
0.0
0.0
0.9990234375
0.9990234375
0.9990234375
0.9990234375
0.9990234375
0.9990234375
0.9990234375
0.9990234375
0.0
0.9990234375
0.0
0.9990234375
0.9990234375
0.9990234375
0.9990234375
0.9990234375
0.0
0.9990234375
0.0
0.9990234375
0.0
0.9990234375
0.9990234375
0.9990234375
0.0
0.9990234375
0.0
0.9990234375
0.0
0.9990234375
0.9990234375
0.9990234375
0.0
0.9990234375
0.0
0.9990234375
0.0
0.9990234375
0.9990234375
0.9990234375
0.0
0.0
0.0
0.0
0.0
0.0
0.0
0.0
0.0
0.0
0.0
0.0
0.0
0.0
0.0
0.0
0.0
0.0
0.0
0.0
0.0
0.0
0.0
0.0
0.0
0.0
0.0
0.0
0.0
0.0
0.0
0.0
0.0
0.0
0.0
0.0
0.0
0.0
0.0
0.0
0.998046875
0.998046875
0.998046875
0.998046875
0.9970703125
0.998046875
0.82421875
0.7763671875
0.814453125
0.751953125
0.0
0.0
0.0
0.0
0.9990234375
0.9169921875
0.9189453125
0.970703125
0.9560546875
0.826171875
0.82421875
0.9228515625
0.884765625
0.001953125
0.009765625
0.00390625
0.0009765625
0.001953125
0.0087890625
0.0048828125
0.0009765625
0.0048828125
0.017578125
0.0068359375
0.001953125
0.001953125
0.0078125
0.00390625
0.0009765625
0.0
0.0
0.0
0.0
0.0
0.0
0.0
0.0
0.02734375
0.0166015625
0.03515625
0.025390625
0.0419921875
0.0234375
0.05078125
0.0341796875
0.03125
0.013671875
0.0400390625
0.0224609375
0.0458984375
0.01953125
0.056640625
0.03125
0.0
0.0
0.0
0.0
0.0087890625
0.01953125
0.009765625
0.015625
0.0146484375
0.015625
0.015625
0.013671875
0.0
0.0
0.0
0.0
0.0
0.0
0.0
0.0
0.0
0.0
0.0
0.0
0.0
0.0
0.0
0.0
0.0009765625
0.0
0.0009765625
0.0009765625
0.9443359375
0.9345703125
0.9423828125
0.9296875
0.923828125
0.9228515625
0.92578125
0.923828125
0.0
0.0
0.0
0.0
0.9990234375
0.9990234375
0.9990234375
0.9990234375
0.9990234375
0.9990234375
0.9990234375
0.9990234375
0.9990234375
0.9990234375
0.9990234375
0.9990234375
0.9990234375
0.9990234375
0.9990234375
0.9990234375
0.9990234375
0.9990234375
0.9990234375
0.9990234375
0.9990234375
0.9990234375
0.9990234375
0.9990234375
0.9990234375
0.9990234375
0.9990234375
0.9990234375
0.9990234375
0.9990234375
0.9990234375
0.9990234375
0.0009765625
0.0
0.0
0.0009765625
0.0009765625
0.0009765625
0.0
0.001953125
0.0
0.0
0.0
0.0
0.0
0.0
0.0
0.0
0.001953125
0.0009765625
0.0009765625
0.0029296875
0.00390625
0.001953125
0.001953125
0.0068359375
0.0009765625
0.0009765625
0.0
0.001953125
0.0
0.0
0.0
0.0
0.9990234375
0.9990234375
0.9990234375
0.9990234375
0.0
0.0
0.0
0.0
0.0
0.0
0.0
0.0
0.0
0.0
0.0
0.0
0.0
0.0
0.0
0.0
0.41796875
0.373046875
0.25
0.2685546875
0.4375
0.384765625
0.2119140625
0.2333984375
0.453125
0.4033203125
0.3271484375
0.3515625
0.46484375
0.421875
0.287109375
0.3037109375
0.5849609375
0.5341796875
0.28125
0.2998046875
0.595703125
0.5380859375
0.236328125
0.259765625
0.6142578125
0.5732421875
0.3583984375
0.3876953125
0.6328125
0.591796875
0.3203125
0.333984375
0.9990234375
0.9990234375
0.9990234375
0.9990234375
0.9990234375
0.9990234375
0.9990234375
0.9990234375
0.9990234375
0.9990234375
0.9990234375
0.9990234375
0.9990234375
0.9990234375
0.9990234375
0.9990234375
0.9990234375
0.9990234375
0.9990234375
0.9990234375
0.01171875
0.0107421875
0.029296875
0.0244140625
0.04296875
0.0390625
0.0185546875
0.0166015625
